estimating workload which takes just one millsecond
end estimation
3	9	0	728292672
3	11	0	728292672
3	12	0	728292672
3	14	0	728292672
3	28	0	728292672
3	29	0	728292672
3	31	0	728292672
3	33	0	728292672
3	35	0	728292672
3	36	1	728292672
3	38	1	728292672
3	48	1	728292672
3	49	1	728292672
3	51	1	728292672
3	53	1	728292672
3	55	1	728292672
3	57	1	728292672
3	58	1	728292672
3	76	1	728292672
3	78	2	728292672
3	79	2	728292672
3	81	2	728292672
3	83	2	728292672
3	88	2	728292672
3	90	2	728292672
3	91	2	728292672
3	93	2	728292672
3	95	2	728292672
3	108	2	728292672
3	109	3	728292672
3	111	3	728292672
3	113	3	728292672
3	114	3	728292672
3	128	3	728292672
3	129	3	728292672
3	131	3	728292672
3	133	3	728292672
3	134	3	728292672
3	136	3	728292672
3	138	4	728292672
3	140	4	728292672
3	141	4	728292672
3	143	4	728292672
3	161	4	728292672
3	163	4	728292672
3	164	4	728292672
3	166	4	728292672
3	168	4	728292672
3	170	4	728292672
3	172	5	728292672
3	174	5	728292672
3	184	5	728292672
3	192	5	728292672
3	194	5	728292672
3	196	5	728292672
3	197	5	728292672
3	199	5	728292672
3	203	5	728292672
3	204	5	728292672
3	206	6	728292672
3	207	6	728292672
3	209	6	728292672
3	222	6	728292672
3	223	6	728292672
3	225	6	728292672
3	234	6	728292672
3	236	6	728292672
3	238	6	728292672
3	240	6	728292672
3	242	7	728292672
3	251	7	728292672
3	253	7	728292672
3	255	7	728292672
3	256	7	728292672
3	258	7	728292672
3	268	7	728292672
3	270	7	728292672
3	271	7	728292672
3	273	7	728292672
3	275	8	728292672
3	285	8	728292672
3	286	8	728292672
3	288	8	728292672
3	290	8	728292672
3	300	8	728292672
3	301	8	728292672
3	309	8	728292672
3	310	8	728292672
3	312	8	728292672
3	314	9	728292672
3	318	9	728292672
3	325	9	728292672
3	326	9	728292672
3	328	9	728292672
3	330	9	728292672
3	335	9	728292672
3	337	9	728292672
3	339	9	728292672
3	348	9	728292672
3	350	10	728292672
3	355	10	728292672
3	357	10	728292672
3	359	10	728292672
3	360	10	728292672
3	362	10	728292672
3	371	10	728292672
3	373	10	728292672
3	375	10	728292672
3	376	10	728292672
3	378	11	728292672
3	386	11	728292672
3	390	11	728292672
3	392	11	728292672
3	393	11	728292672
3	395	11	728292672
3	402	11	728292672
3	405	11	728292672
3	412	11	728292672
3	414	11	728292672
3	418	12	728292672
3	420	12	728292672
3	422	12	728292672
3	430	12	728292672
3	432	12	728292672
3	434	12	728292672
3	440	12	728292672
3	442	12	728292672
3	444	12	728292672
3	445	12	728292672
3	452	13	728292672
3	454	13	728292672
3	463	13	728292672
3	465	13	728292672
3	467	13	728292672
3	469	13	728292672
3	470	13	728292672
3	480	13	728292672
3	482	13	728292672
3	484	13	728292672
3	486	14	728292672
3	487	14	728292672
3	497	14	728292672
3	498	14	728292672
3	500	14	728292672
3	502	14	728292672
3	505	14	728292672
3	507	14	728292672
3	508	14	728292672
3	510	14	728292672
3	520	15	728292672
3	522	15	728292672
3	523	15	728292672
3	525	15	728292672
3	527	15	728292672
3	536	15	728292672
3	544	15	728292672
3	546	15	728292672
3	547	15	728292672
3	549	15	728292672
3	551	16	728292672
3	560	16	728292672
3	562	16	728292672
3	564	16	728292672
3	566	16	728292672
3	574	16	728292672
3	579	16	728292672
3	581	16	728292672
3	591	16	728292672
3	595	16	728292672
3	597	17	728292672
3	599	17	728292672
3	608	17	728292672
3	611	17	728292672
3	616	17	728292672
3	617	17	728292672
3	619	17	728292672
3	624	17	728292672
3	627	17	728292672
3	629	17	728292672
3	630	18	728292672
3	637	18	728292672
3	643	18	728292672
3	649	18	728292672
3	662	18	728292672
3	669	18	728292672
3	672	18	728292672
3	674	18	728292672
3	687	18	728292672
3	689	18	728292672
3	691	19	728292672
3	703	19	728292672
3	709	19	728292672
3	711	19	728292672
3	719	19	728292672
3	722	19	728292672
3	723	19	728292672
3	733	19	728292672
3	735	19	728292672
3	737	19	728292672
3	741	20	728292672
3	750	20	728292672
3	752	20	728292672
3	756	20	728292672
3	765	20	728292672
3	767	20	728292672
3	769	20	728292672
3	771	20	728292672
3	772	20	728292672
3	774	20	728292672
3	775	21	728292672
3	777	21	728292672
3	779	21	728292672
3	781	21	728292672
3	783	21	728292672
3	784	21	728292672
3	786	21	728292672
3	788	21	728292672
3	790	21	728292672
3	792	21	728292672
3	793	22	728292672
3	795	22	728292672
3	797	22	728292672
3	798	22	728292672
3	800	22	728292672
3	801	22	728292672
3	803	22	728292672
3	805	22	728292672
3	807	22	728292672
3	809	22	728292672
3	811	23	728292672
3	812	23	728292672
3	814	23	728292672
3	815	23	728292672
3	817	23	728292672
3	819	23	728292672
3	821	23	728292672
3	823	23	728292672
3	825	23	728292672
3	826	23	728292672
3	828	24	728292672
3	830	24	728292672
3	831	24	728292672
3	833	24	728292672
3	835	24	728292672
3	837	24	728292672
3	838	24	728292672
3	840	24	728292672
3	842	24	728292672
3	843	24	728292672
3	845	25	728292672
3	847	25	728292672
3	853	25	728292672
3	855	25	728292672
3	857	25	728292672
3	858	25	728292672
3	868	25	728292672
3	870	25	728292672
3	871	25	728292672
3	873	25	728292672
3	875	26	728292672
3	876	26	728292672
3	878	26	728292672
3	887	26	728292672
3	888	26	728292672
3	890	26	728292672
3	892	26	728292672
3	893	26	728292672
3	895	26	728292672
3	907	26	728292672
3	909	27	728292672
3	910	27	728292672
3	920	27	728292672
3	921	27	728292672
3	923	27	728292672
3	924	27	728292672
3	926	27	728292672
3	936	27	728292672
3	938	27	728292672
3	939	27	728292672
3	941	28	728292672
3	943	28	728292672
3	953	28	728292672
3	954	28	728292672
3	962	28	728292672
3	966	28	728292672
3	976	28	728292672
3	977	28	728292672
3	979	28	728292672
3	981	28	728292672
3	985	29	728292672
3	992	29	728292672
3	994	29	728292672
3	995	29	728292672
3	997	29	728292672
3	999	29	728292672
3	1001	29	728292672
3	1012	29	728292672
3	1013	29	728292672
3	1015	29	728292672
3	1016	30	728292672
3	1018	30	728292672
3	1027	30	728292672
3	1028	30	728292672
3	1030	30	728292672
3	1032	30	728292672
3	1033	30	728292672
3	1035	30	728292672
3	1045	30	728292672
3	1046	30	728292672
3	1048	31	728292672
3	1050	31	728292672
3	1063	31	728292672
3	1065	31	728292672
3	1067	31	728292672
3	1075	31	728292672
3	1077	31	728292672
3	1079	31	728292672
3	1081	31	728292672
3	1082	31	728292672
3	1084	32	728292672
3	1095	32	728292672
3	1097	32	728292672
3	1099	32	728292672
3	1100	32	728292672
3	1108	32	728292672
3	1110	32	728292672
3	1111	32	728292672
3	1119	32	728292672
3	1120	32	728292672
3	1122	33	728292672
3	1124	33	728292672
3	1125	33	728292672
3	1127	33	728292672
3	1137	33	728292672
3	1139	33	728292672
3	1140	33	728292672
3	1142	33	728292672
3	1152	33	728292672
3	1154	33	728292672
3	1155	34	728292672
3	1157	34	728292672
3	1159	34	728292672
3	1169	34	728292672
3	1170	34	728292672
3	1172	34	728292672
3	1174	34	728292672
3	1184	34	728292672
3	1186	34	728292672
3	1188	34	728292672
3	1189	35	728292672
3	1191	35	728292672
3	1192	35	728292672
3	1194	35	728292672
3	1212	35	728292672
3	1213	35	728292672
3	1215	35	728292672
3	1217	35	728292672
3	1219	35	728292672
3	1223	35	728292672
3	1225	36	728292672
3	1226	36	728292672
3	1228	36	728292672
3	1237	36	728292672
3	1246	36	728292672
3	1248	36	728292672
3	1250	36	728292672
3	1252	36	728292672
3	1261	36	728292672
3	1266	36	728292672
3	1268	37	728292672
3	1279	37	728292672
3	1281	37	728292672
3	1283	37	728292672
3	1288	37	728292672
3	1296	37	728292672
3	1298	37	728292672
3	1300	37	728292672
3	1302	37	728292672
3	1312	37	728292672
3	1314	38	728292672
3	1315	38	728292672
3	1317	38	728292672
3	1318	38	728292672
3	1328	38	728292672
3	1330	38	728292672
3	1331	38	728292672
3	1333	38	728292672
3	1335	38	728292672
3	1344	38	728292672
3	1346	39	728292672
3	1348	39	728292672
3	1350	39	728292672
3	1351	39	728292672
3	1361	39	728292672
3	1363	39	728292672
3	1364	39	728292672
3	1366	39	728292672
3	1368	39	728292672
3	1380	39	728292672
3	1381	40	728292672
3	1383	40	728292672
3	1385	40	728292672
3	1399	40	728292672
3	1401	40	728292672
3	1403	40	728292672
3	1405	40	728292672
3	1407	40	728292672
3	1408	40	728292672
3	1410	40	728292672
3	1420	41	728292672
3	1422	41	728292672
3	1424	41	728292672
3	1426	41	728292672
3	1435	41	728292672
3	1437	41	728292672
3	1439	41	728292672
3	1441	41	728292672
3	1442	41	728292672
3	1452	41	728292672
3	1454	42	728292672
3	1455	42	728292672
3	1457	42	728292672
3	1459	42	728292672
3	1460	42	728292672
3	1462	42	728292672
3	1470	42	728292672
3	1472	42	728292672
3	1473	42	728292672
3	1475	42	728292672
3	1477	43	728292672
3	1479	43	728292672
3	1497	43	728292672
3	1498	43	728292672
3	1500	43	728292672
3	1501	43	728292672
3	1512	43	728292672
3	1513	43	728292672
3	1515	43	728292672
3	1516	43	728292672
3	1518	44	728292672
3	1525	44	728292672
3	1527	44	728292672
3	1529	44	728292672
3	1530	44	728292672
3	1537	44	728292672
3	1539	44	728292672
3	1540	44	728292672
3	1542	44	728292672
3	1548	44	728292672
3	1550	45	728292672
3	1552	45	728292672
3	1564	45	728292672
3	1566	45	728292672
3	1568	45	728292672
3	1569	45	728292672
3	1581	45	728292672
3	1583	45	728292672
3	1584	45	728292672
3	1586	45	728292672
3	1588	46	728292672
3	1590	46	728292672
3	1592	46	728292672
3	1593	46	728292672
3	1595	46	728292672
3	1604	46	728292672
3	1606	46	728292672
3	1616	46	728292672
3	1621	46	728292672
3	1623	46	728292672
3	1624	47	728292672
3	1625	47	728292672
3	1650	47	728292672
3	1659	47	728292672
3	1661	47	728292672
3	1662	47	728292672
3	1675	47	728292672
3	1677	47	728292672
3	1679	47	728292672
3	1692	47	728292672
3	1707	48	728292672
3	1716	48	728292672
3	1718	48	728292672
3	1726	48	728292672
3	1728	48	728292672
3	1729	48	728292672
3	1731	48	728292672
3	1748	48	728292672
3	1750	48	728292672
3	1753	48	728292672
3	1757	49	728292672
3	1765	49	728292672
3	1769	49	728292672
3	1775	49	728292672
3	1778	49	728292672
3	1784	49	728292672
3	1789	49	728292672
3	1790	49	728292672
3	1796	49	728292672
3	1805	49	728292672
3	1820	50	728292672
3	1827	50	728292672
3	1830	50	728292672
3	1848	50	728292672
3	1853	50	728292672
3	1862	50	728292672
3	1865	50	728292672
3	1876	50	728292672
3	1888	50	728292672
3	1890	50	728292672
3	1891	51	728292672
3	1909	51	728292672
3	1911	51	728292672
3	1912	51	728292672
3	1914	51	728292672
3	1936	51	728292672
3	1944	51	728292672
3	1954	51	728292672
3	1958	51	728292672
3	1963	51	728292672
3	1967	52	728292672
3	1978	52	728292672
3	1992	52	728292672
3	1996	52	728292672
3	2003	52	728292672
3	2008	52	728292672
3	2013	52	728292672
3	2022	52	728292672
3	2028	52	728292672
3	2038	52	728292672
3	2050	53	728292672
3	2061	53	728292672
3	2063	53	728292672
3	2070	53	728292672
3	2078	53	728292672
3	2084	53	728292672
3	2090	53	728292672
3	2100	53	728292672
3	2109	53	728292672
3	2111	53	728292672
3	2123	54	728292672
3	2135	54	728292672
3	2150	54	728292672
3	2151	54	728292672
3	2156	54	728292672
3	2164	54	728292672
3	2170	54	728292672
3	2174	54	728292672
3	2186	54	728292672
3	2201	54	728292672
3	2205	55	728292672
3	2210	55	728292672
3	2216	55	728292672
3	2234	55	728292672
3	2239	55	728292672
3	2247	55	728292672
3	2264	55	728292672
3	2268	55	728292672
3	2269	55	728292672
3	2290	55	728292672
3	2299	56	728292672
3	2311	56	728292672
3	2318	56	728292672
3	2331	56	728292672
3	2341	56	728292672
3	2348	56	728292672
3	2349	56	728292672
3	2351	56	728292672
3	2365	56	728292672
3	2378	56	728292672
3	2386	57	728292672
3	2395	57	728292672
3	2403	57	728292672
3	2409	57	728292672
3	2416	57	728292672
3	2427	57	728292672
3	2434	57	728292672
3	2444	57	728292672
3	2446	57	728292672
3	2457	57	728292672
3	2468	58	728292672
3	2477	58	728292672
3	2481	58	728292672
3	2485	58	728292672
3	2496	58	728292672
3	2499	58	728292672
3	2500	58	728292672
3	2502	58	728292672
3	2505	58	728292672
3	2507	58	728292672
3	2509	59	728292672
3	2510	59	728292672
3	2512	59	728292672
3	2514	59	728292672
3	2516	59	728292672
3	2517	59	728292672
3	2519	59	728292672
3	2522	59	728292672
3	2523	59	728292672
3	2525	59	728292672
3	2527	60	728292672
3	2529	60	728292672
3	2531	60	728292672
3	2536	60	728292672
3	2540	60	728292672
3	2542	60	728292672
3	2544	60	728292672
3	2545	60	728292672
3	2547	60	728292672
3	2551	60	728292672
3	2554	61	728292672
3	2557	61	728292672
3	2559	61	728292672
3	2560	61	728292672
3	2562	61	728292672
3	2564	61	728292672
3	2565	61	728292672
3	2567	61	728292672
3	2569	61	728292672
3	2571	61	728292672
3	2573	62	728292672
3	2575	62	728292672
3	2577	62	728292672
3	2578	62	728292672
3	2580	62	728292672
3	2582	62	728292672
3	2583	62	728292672
3	2585	62	728292672
3	2586	62	728292672
3	2588	62	728292672
3	2590	63	728292672
3	2591	63	728292672
3	2593	63	728292672
3	2595	63	728292672
3	2605	63	728292672
3	2606	63	728292672
3	2608	63	728292672
3	2610	63	728292672
3	2619	63	728292672
3	2621	63	728292672
3	2623	64	728292672
3	2625	64	728292672
3	2626	64	728292672
3	2628	64	728292672
3	2629	64	728292672
3	2631	64	728292672
3	2640	64	728292672
3	2642	64	728292672
3	2652	64	728292672
3	2654	64	728292672
3	2656	65	728292672
3	2657	65	728292672
3	2658	65	728292672
3	2668	65	728292672
3	2678	65	728292672
3	2685	65	728292672
3	2686	65	728292672
3	2688	65	728292672
3	2698	65	728292672
3	2705	65	728292672
3	2714	66	728292672
3	2720	66	728292672
3	2733	66	728292672
3	2741	66	728292672
3	2742	66	728292672
3	2751	66	728292672
3	2752	66	728292672
3	2754	66	728292672
3	2764	66	728292672
3	2765	66	728292672
3	2767	67	728292672
3	2772	67	728292672
3	2774	67	728292672
3	2786	67	728292672
3	2788	67	728292672
3	2790	67	728292672
3	2792	67	728292672
3	2793	67	728292672
3	2821	67	728292672
3	2823	67	728292672
3	2829	68	728292672
3	2831	68	728292672
3	2854	68	728292672
3	2856	68	728292672
3	2857	68	728292672
3	2859	68	728292672
3	2877	68	728292672
3	2888	68	728292672
3	2890	68	728292672
3	2892	68	728292672
3	2895	69	728292672
3	2897	69	728292672
3	2898	69	728292672
3	2900	69	728292672
3	2902	69	728292672
3	2931	69	728292672
3	2933	69	728292672
3	2934	69	728292672
3	2945	69	728292672
3	2948	69	728292672
3	2952	70	728292672
3	2954	70	728292672
3	2961	70	728292672
3	2963	70	728292672
3	2965	70	728292672
3	2966	70	728292672
3	2979	70	728292672
3	2981	70	728292672
3	2983	70	728292672
3	2984	70	728292672
3	2990	71	728292672
3	2992	71	728292672
3	2994	71	728292672
3	2995	71	728292672
3	2997	71	728292672
3	2999	71	728292672
3	3016	71	728292672
3	3018	71	728292672
3	3020	71	728292672
3	3022	71	728292672
3	3025	72	728292672
3	3026	72	728292672
3	3028	72	728292672
3	3041	72	728292672
3	3042	72	728292672
3	3044	72	728292672
3	3046	72	728292672
3	3053	72	728292672
3	3055	72	728292672
3	3057	72	728292672
3	3059	73	728292672
3	3065	73	728292672
3	3066	73	728292672
3	3068	73	728292672
3	3069	73	728292672
3	3071	73	728292672
3	3081	73	728292672
3	3083	73	728292672
3	3085	73	728292672
3	3086	73	728292672
3	3101	74	728292672
3	3103	74	728292672
3	3109	74	728292672
3	3113	74	728292672
3	3115	74	728292672
3	3116	74	728292672
3	3117	74	728292672
3	3119	74	728292672
3	3130	74	728292672
3	3131	74	728292672
3	3133	75	728292672
3	3135	75	728292672
3	3153	75	728292672
3	3160	75	728292672
3	3162	75	728292672
3	3170	75	728292672
3	3172	75	728292672
3	3178	75	728292672
3	3188	75	728292672
3	3192	75	728292672
3	3194	76	728292672
3	3197	76	728292672
3	3198	76	728292672
3	3200	76	728292672
3	3201	76	728292672
3	3212	76	728292672
3	3214	76	728292672
3	3216	76	728292672
3	3217	76	728292672
3	3230	76	728292672
3	3231	77	728292672
3	3233	77	728292672
3	3234	77	728292672
3	3244	77	728292672
3	3246	77	728292672
3	3248	77	728292672
3	3250	77	728292672
3	3252	77	728292672
3	3254	77	728292672
3	3255	77	728292672
3	3261	78	728292672
3	3263	78	728292672
3	3264	78	728292672
3	3266	78	728292672
3	3270	78	728292672
3	3272	78	728292672
3	3281	78	728292672
3	3282	78	728292672
3	3285	78	728292672
3	3288	78	728292672
3	3299	79	728292672
3	3301	79	728292672
3	3303	79	728292672
3	3312	79	728292672
3	3313	79	728292672
3	3315	79	728292672
3	3330	79	728292672
3	3332	79	728292672
3	3338	79	728292672
3	3350	79	728292672
3	3351	80	728292672
3	3353	80	728292672
3	3355	80	728292672
3	3365	80	728292672
3	3366	80	728292672
3	3368	80	728292672
3	3369	80	728292672
3	3380	80	728292672
3	3381	80	728292672
3	3389	80	728292672
3	3393	81	728292672
3	3394	81	728292672
3	3396	81	728292672
3	3398	81	728292672
3	3410	81	728292672
3	3411	81	728292672
3	3413	81	728292672
3	3415	81	728292672
3	3426	81	728292672
3	3427	81	728292672
3	3429	82	728292672
3	3433	82	728292672
3	3435	82	728292672
3	3436	82	728292672
3	3438	82	728292672
3	3449	82	728292672
3	3450	82	728292672
3	3457	82	728292672
3	3459	82	728292672
3	3461	82	728292672
3	3462	83	728292672
3	3464	83	728292672
3	3466	83	728292672
3	3480	83	728292672
3	3481	83	728292672
3	3483	83	728292672
3	3485	83	728292672
3	3495	83	728292672
3	3504	83	728292672
3	3506	83	728292672
3	3511	84	728292672
3	3512	84	728292672
3	3514	84	728292672
3	3516	84	728292672
3	3521	84	728292672
3	3523	84	728292672
3	3531	84	728292672
3	3533	84	728292672
3	3534	84	728292672
3	3536	84	728292672
3	3547	85	728292672
3	3548	85	728292672
3	3550	85	728292672
3	3552	85	728292672
3	3566	85	728292672
3	3568	85	728292672
3	3575	85	728292672
3	3581	85	728292672
3	3583	85	728292672
3	3585	85	728292672
3	3590	86	728292672
3	3598	86	728292672
3	3605	86	728292672
3	3613	86	728292672
3	3618	86	728292672
3	3620	86	728292672
3	3630	86	728292672
3	3634	86	728292672
3	3636	86	728292672
3	3637	86	728292672
3	3650	87	728292672
3	3652	87	728292672
3	3653	87	728292672
3	3672	87	728292672
3	3675	87	728292672
3	3677	87	728292672
3	3679	87	728292672
3	3681	87	728292672
3	3682	87	728292672
3	3684	87	728292672
3	3693	88	728292672
3	3695	88	728292672
3	3705	88	728292672
3	3706	88	728292672
3	3711	88	728292672
3	3713	88	728292672
3	3716	88	728292672
3	3717	88	728292672
3	3719	88	728292672
3	3721	88	728292672
3	3733	89	728292672
3	3734	89	728292672
3	3742	89	728292672
3	3755	89	728292672
3	3758	89	728292672
3	3761	89	728292672
3	3763	89	728292672
3	3765	89	728292672
3	3766	89	728292672
3	3768	89	728292672
3	3770	90	728292672
3	3778	90	728292672
3	3783	90	728292672
3	3785	90	728292672
3	3786	90	728292672
3	3793	90	728292672
3	3804	90	728292672
3	3806	90	728292672
3	3811	90	728292672
3	3813	90	728292672
3	3814	91	728292672
3	3816	91	728292672
3	3820	91	728292672
3	3826	91	728292672
3	3831	91	728292672
3	3833	91	728292672
3	3835	91	728292672
3	3837	91	728292672
3	3850	91	728292672
3	3851	91	728292672
3	3853	92	728292672
3	3855	92	728292672
3	3860	92	728292672
3	3861	92	728292672
3	3863	92	728292672
3	3865	92	728292672
3	3867	92	728292672
3	3877	92	728292672
3	3879	92	728292672
3	3881	92	728292672
3	3892	93	728292672
3	3894	93	728292672
3	3895	93	728292672
3	3897	93	728292672
3	3899	93	728292672
3	3909	93	728292672
3	3910	93	728292672
3	3920	93	728292672
3	3921	93	728292672
3	3923	93	728292672
3	3927	94	728292672
3	3928	94	728292672
3	3930	94	728292672
3	3939	94	728292672
3	3940	94	728292672
3	3944	94	728292672
3	3956	94	728292672
3	3961	94	728292672
3	3962	94	728292672
3	3964	94	728292672
3	3965	95	728292672
3	3967	95	728292672
3	3969	95	728292672
3	3970	95	728292672
3	3982	95	728292672
3	3984	95	728292672
3	3986	95	728292672
3	3989	95	728292672
3	3992	95	728292672
3	4001	95	728292672
3	4002	96	728292672
3	4004	96	728292672
3	4006	96	728292672
3	4012	96	728292672
3	4014	96	728292672
3	4016	96	728292672
3	4017	96	728292672
3	4032	96	728292672
3	4034	96	728292672
3	4035	96	728292672
3	4037	97	728292672
3	4039	97	728292672
3	4049	97	728292672
3	4051	97	728292672
3	4052	97	728292672
3	4054	97	728292672
3	4068	97	728292672
3	4070	97	728292672
3	4071	97	728292672
3	4073	97	728292672
3	4078	98	728292672
3	4079	98	728292672
3	4090	98	728292672
3	4095	98	728292672
3	4097	98	728292672
3	4099	98	728292672
3	4101	98	728292672
3	4103	98	728292672
3	4105	98	728292672
3	4119	98	728292672
3	4121	99	728292672
3	4129	99	728292672
3	4131	99	728292672
3	4134	99	728292672
3	4136	99	728292672
3	4138	99	728292672
3	4148	99	728292672
3	4150	99	728292672
3	4151	99	728292672
3	4153	99	728292672
3	4163	100	728292672
estimating workload which takes just one millsecond
end estimation
2	5	0	728292672
2	7	0	728292672
2	16	0	728292672
2	18	0	728292672
2	20	0	728292672
2	22	0	728292672
2	23	0	728292672
2	25	0	728292672
2	27	0	728292672
2	40	1	728292672
2	42	1	728292672
2	44	1	728292672
2	45	1	728292672
2	47	1	728292672
2	61	1	728292672
2	62	1	728292672
2	64	1	728292672
2	66	1	728292672
2	68	1	728292672
2	70	2	728292672
2	72	2	728292672
2	73	2	728292672
2	75	2	728292672
2	85	2	728292672
2	87	2	728292672
2	96	2	728292672
2	98	2	728292672
2	100	2	728292672
2	102	2	728292672
2	103	3	728292672
2	105	3	728292672
2	116	3	728292672
2	118	3	728292672
2	119	3	728292672
2	121	3	728292672
2	122	3	728292672
2	124	3	728292672
2	125	3	728292672
2	143	3	728292672
2	145	4	728292672
2	147	4	728292672
2	148	4	728292672
2	150	4	728292672
2	152	4	728292672
2	154	4	728292672
2	155	4	728292672
2	157	4	728292672
2	159	4	728292672
2	176	4	728292672
2	178	5	728292672
2	179	5	728292672
2	181	5	728292672
2	183	5	728292672
2	186	5	728292672
2	187	5	728292672
2	189	5	728292672
2	191	5	728292672
2	201	5	728292672
2	212	5	728292672
2	214	6	728292672
2	215	6	728292672
2	217	6	728292672
2	219	6	728292672
2	221	6	728292672
2	228	6	728292672
2	230	6	728292672
2	231	6	728292672
2	233	6	728292672
2	244	6	728292672
2	245	7	728292672
2	247	7	728292672
2	249	7	728292672
2	250	7	728292672
2	261	7	728292672
2	262	7	728292672
2	264	7	728292672
2	265	7	728292672
2	267	7	728292672
2	277	7	728292672
2	278	8	728292672
2	280	8	728292672
2	282	8	728292672
2	291	8	728292672
2	293	8	728292672
2	295	8	728292672
2	296	8	728292672
2	298	8	728292672
2	302	8	728292672
2	304	8	728292672
2	306	9	728292672
2	307	9	728292672
2	317	9	728292672
2	319	9	728292672
2	321	9	728292672
2	323	9	728292672
2	332	9	728292672
2	334	9	728292672
2	340	9	728292672
2	342	9	728292672
2	343	10	728292672
2	345	10	728292672
2	347	10	728292672
2	353	10	728292672
2	355	10	728292672
2	365	10	728292672
2	367	10	728292672
2	369	10	728292672
2	370	10	728292672
2	380	10	728292672
2	381	11	728292672
2	383	11	728292672
2	385	11	728292672
2	389	11	728292672
2	396	11	728292672
2	397	11	728292672
2	399	11	728292672
2	401	11	728292672
2	407	11	728292672
2	408	11	728292672
2	410	12	728292672
2	416	12	728292672
2	417	12	728292672
2	425	12	728292672
2	426	12	728292672
2	428	12	728292672
2	429	12	728292672
2	435	12	728292672
2	437	12	728292672
2	439	12	728292672
2	448	13	728292672
2	449	13	728292672
2	455	13	728292672
2	457	13	728292672
2	458	13	728292672
2	460	13	728292672
2	462	13	728292672
2	472	13	728292672
2	474	13	728292672
2	476	13	728292672
2	477	14	728292672
2	479	14	728292672
2	489	14	728292672
2	490	14	728292672
2	492	14	728292672
2	494	14	728292672
2	502	14	728292672
2	512	14	728292672
2	513	14	728292672
2	515	14	728292672
2	517	15	728292672
2	520	15	728292672
2	528	15	728292672
2	530	15	728292672
2	532	15	728292672
2	533	15	728292672
2	537	15	728292672
2	539	15	728292672
2	541	15	728292672
2	543	15	728292672
2	552	16	728292672
2	554	16	728292672
2	556	16	728292672
2	557	16	728292672
2	559	16	728292672
2	569	16	728292672
2	570	16	728292672
2	572	16	728292672
2	573	16	728292672
2	586	16	728292672
2	592	17	728292672
2	596	17	728292672
2	600	17	728292672
2	603	17	728292672
2	606	17	728292672
2	610	17	728292672
2	613	17	728292672
2	615	17	728292672
2	621	17	728292672
2	623	17	728292672
2	631	18	728292672
2	633	18	728292672
2	635	18	728292672
2	640	18	728292672
2	642	18	728292672
2	653	18	728292672
2	654	18	728292672
2	670	18	728292672
2	676	18	728292672
2	684	18	728292672
2	688	19	728292672
2	697	19	728292672
2	702	19	728292672
2	705	19	728292672
2	707	19	728292672
2	713	19	728292672
2	724	19	728292672
2	726	19	728292672
2	728	19	728292672
2	729	19	728292672
2	739	20	728292672
2	740	20	728292672
2	746	20	728292672
2	752	20	728292672
2	758	20	728292672
2	760	20	728292672
2	761	20	728292672
2	763	20	728292672
2	777	20	728292672
2	779	20	728292672
2	780	21	728292672
2	782	21	728292672
2	802	21	728292672
2	805	21	728292672
2	806	21	728292672
2	808	21	728292672
2	820	21	728292672
2	821	21	728292672
2	835	21	728292672
2	837	21	728292672
2	839	22	728292672
2	841	22	728292672
2	842	22	728292672
2	852	22	728292672
2	854	22	728292672
2	860	22	728292672
2	862	22	728292672
2	864	22	728292672
2	866	22	728292672
2	879	22	728292672
2	881	23	728292672
2	883	23	728292672
2	885	23	728292672
2	896	23	728292672
2	897	23	728292672
2	899	23	728292672
2	901	23	728292672
2	908	23	728292672
2	913	23	728292672
2	921	23	728292672
2	923	24	728292672
2	924	24	728292672
2	925	24	728292672
2	927	24	728292672
2	938	24	728292672
2	940	24	728292672
2	942	24	728292672
2	943	24	728292672
2	960	24	728292672
2	964	24	728292672
2	966	25	728292672
2	968	25	728292672
2	980	25	728292672
2	982	25	728292672
2	984	25	728292672
2	985	25	728292672
2	988	25	728292672
2	989	25	728292672
2	991	25	728292672
2	992	25	728292672
2	1003	26	728292672
2	1005	26	728292672
2	1007	26	728292672
2	1008	26	728292672
2	1016	26	728292672
2	1018	26	728292672
2	1027	26	728292672
2	1029	26	728292672
2	1031	26	728292672
2	1032	26	728292672
2	1034	27	728292672
2	1044	27	728292672
2	1045	27	728292672
2	1047	27	728292672
2	1053	27	728292672
2	1054	27	728292672
2	1056	27	728292672
2	1058	27	728292672
2	1068	27	728292672
2	1069	27	728292672
2	1071	28	728292672
2	1073	28	728292672
2	1075	28	728292672
2	1085	28	728292672
2	1087	28	728292672
2	1088	28	728292672
2	1090	28	728292672
2	1092	28	728292672
2	1093	28	728292672
2	1095	28	728292672
2	1106	29	728292672
2	1117	29	728292672
2	1119	29	728292672
2	1121	29	728292672
2	1122	29	728292672
2	1128	29	728292672
2	1130	29	728292672
2	1131	29	728292672
2	1133	29	728292672
2	1135	29	728292672
2	1144	30	728292672
2	1146	30	728292672
2	1148	30	728292672
2	1150	30	728292672
2	1151	30	728292672
2	1161	30	728292672
2	1163	30	728292672
2	1170	30	728292672
2	1172	30	728292672
2	1174	30	728292672
2	1175	31	728292672
2	1177	31	728292672
2	1179	31	728292672
2	1196	31	728292672
2	1198	31	728292672
2	1200	31	728292672
2	1201	31	728292672
2	1203	31	728292672
2	1205	31	728292672
2	1206	31	728292672
2	1208	32	728292672
2	1220	32	728292672
2	1222	32	728292672
2	1224	32	728292672
2	1226	32	728292672
2	1227	32	728292672
2	1229	32	728292672
2	1239	32	728292672
2	1241	32	728292672
2	1243	32	728292672
2	1245	33	728292672
2	1247	33	728292672
2	1260	33	728292672
2	1262	33	728292672
2	1272	33	728292672
2	1273	33	728292672
2	1275	33	728292672
2	1277	33	728292672
2	1278	33	728292672
2	1285	33	728292672
2	1295	34	728292672
2	1297	34	728292672
2	1298	34	728292672
2	1300	34	728292672
2	1302	34	728292672
2	1308	34	728292672
2	1310	34	728292672
2	1321	34	728292672
2	1323	34	728292672
2	1324	34	728292672
2	1326	35	728292672
2	1327	35	728292672
2	1338	35	728292672
2	1339	35	728292672
2	1341	35	728292672
2	1343	35	728292672
2	1344	35	728292672
2	1346	35	728292672
2	1348	35	728292672
2	1349	35	728292672
2	1351	36	728292672
2	1362	36	728292672
2	1370	36	728292672
2	1371	36	728292672
2	1373	36	728292672
2	1375	36	728292672
2	1377	36	728292672
2	1378	36	728292672
2	1387	36	728292672
2	1400	36	728292672
2	1401	37	728292672
2	1403	37	728292672
2	1405	37	728292672
2	1407	37	728292672
2	1408	37	728292672
2	1420	37	728292672
2	1421	37	728292672
2	1423	37	728292672
2	1425	37	728292672
2	1427	37	728292672
2	1429	38	728292672
2	1430	38	728292672
2	1437	38	728292672
2	1439	38	728292672
2	1441	38	728292672
2	1442	38	728292672
2	1452	38	728292672
2	1454	38	728292672
2	1455	38	728292672
2	1460	38	728292672
2	1462	39	728292672
2	1464	39	728292672
2	1465	39	728292672
2	1467	39	728292672
2	1481	39	728292672
2	1482	39	728292672
2	1483	39	728292672
2	1496	39	728292672
2	1497	39	728292672
2	1499	39	728292672
2	1501	40	728292672
2	1502	40	728292672
2	1504	40	728292672
2	1506	40	728292672
2	1507	40	728292672
2	1513	40	728292672
2	1515	40	728292672
2	1516	40	728292672
2	1529	40	728292672
2	1530	40	728292672
2	1532	41	728292672
2	1534	41	728292672
2	1536	41	728292672
2	1544	41	728292672
2	1545	41	728292672
2	1547	41	728292672
2	1554	41	728292672
2	1555	41	728292672
2	1557	41	728292672
2	1559	41	728292672
2	1568	42	728292672
2	1570	42	728292672
2	1572	42	728292672
2	1574	42	728292672
2	1578	42	728292672
2	1580	42	728292672
2	1582	42	728292672
2	1583	42	728292672
2	1585	42	728292672
2	1596	42	728292672
2	1597	43	728292672
2	1599	43	728292672
2	1600	43	728292672
2	1602	43	728292672
2	1628	43	728292672
2	1629	43	728292672
2	1631	43	728292672
2	1639	43	728292672
2	1641	43	728292672
2	1642	43	728292672
2	1649	44	728292672
2	1651	44	728292672
2	1652	44	728292672
2	1664	44	728292672
2	1666	44	728292672
2	1667	44	728292672
2	1669	44	728292672
2	1677	44	728292672
2	1679	44	728292672
2	1680	44	728292672
2	1682	45	728292672
2	1691	45	728292672
2	1692	45	728292672
2	1694	45	728292672
2	1704	45	728292672
2	1705	45	728292672
2	1707	45	728292672
2	1729	45	728292672
2	1730	45	728292672
2	1747	45	728292672
2	1755	46	728292672
2	1758	46	728292672
2	1767	46	728292672
2	1769	46	728292672
2	1781	46	728292672
2	1783	46	728292672
2	1789	46	728292672
2	1790	46	728292672
2	1806	46	728292672
2	1808	46	728292672
2	1809	47	728292672
2	1819	47	728292672
2	1821	47	728292672
2	1827	47	728292672
2	1829	47	728292672
2	1830	47	728292672
2	1844	47	728292672
2	1846	47	728292672
2	1847	47	728292672
2	1849	47	728292672
2	1856	48	728292672
2	1858	48	728292672
2	1869	48	728292672
2	1872	48	728292672
2	1883	48	728292672
2	1885	48	728292672
2	1893	48	728292672
2	1894	48	728292672
2	1904	48	728292672
2	1912	48	728292672
2	1914	49	728292672
2	1931	49	728292672
2	1933	49	728292672
2	1934	49	728292672
2	1947	49	728292672
2	1951	49	728292672
2	1955	49	728292672
2	1957	49	728292672
2	1959	49	728292672
2	1966	49	728292672
2	1968	50	728292672
2	1969	50	728292672
2	1975	50	728292672
2	1977	50	728292672
2	1979	50	728292672
2	1989	50	728292672
2	1991	50	728292672
2	2000	50	728292672
2	2006	50	728292672
2	2016	50	728292672
2	2018	51	728292672
2	2028	51	728292672
2	2032	51	728292672
2	2034	51	728292672
2	2035	51	728292672
2	2041	51	728292672
2	2042	51	728292672
2	2055	51	728292672
2	2057	51	728292672
2	2059	51	728292672
2	2061	52	728292672
2	2062	52	728292672
2	2084	52	728292672
2	2086	52	728292672
2	2087	52	728292672
2	2089	52	728292672
2	2097	52	728292672
2	2099	52	728292672
2	2101	52	728292672
2	2111	52	728292672
2	2122	53	728292672
2	2124	53	728292672
2	2126	53	728292672
2	2144	53	728292672
2	2146	53	728292672
2	2148	53	728292672
2	2156	53	728292672
2	2158	53	728292672
2	2166	53	728292672
2	2170	53	728292672
2	2179	54	728292672
2	2180	54	728292672
2	2182	54	728292672
2	2184	54	728292672
2	2185	54	728292672
2	2201	54	728292672
2	2203	54	728292672
2	2209	54	728292672
2	2211	54	728292672
2	2212	54	728292672
2	2214	55	728292672
2	2233	55	728292672
2	2234	55	728292672
2	2246	55	728292672
2	2248	55	728292672
2	2249	55	728292672
2	2251	55	728292672
2	2264	55	728292672
2	2272	55	728292672
2	2274	55	728292672
2	2275	56	728292672
2	2277	56	728292672
2	2288	56	728292672
2	2290	56	728292672
2	2298	56	728292672
2	2299	56	728292672
2	2317	56	728292672
2	2318	56	728292672
2	2327	56	728292672
2	2329	56	728292672
2	2335	57	728292672
2	2347	57	728292672
2	2349	57	728292672
2	2351	57	728292672
2	2352	57	728292672
2	2354	57	728292672
2	2372	57	728292672
2	2374	57	728292672
2	2376	57	728292672
2	2377	57	728292672
2	2384	58	728292672
2	2397	58	728292672
2	2398	58	728292672
2	2400	58	728292672
2	2402	58	728292672
2	2417	58	728292672
2	2418	58	728292672
2	2422	58	728292672
2	2424	58	728292672
2	2425	58	728292672
2	2438	59	728292672
2	2449	59	728292672
2	2450	59	728292672
2	2455	59	728292672
2	2457	59	728292672
2	2458	59	728292672
2	2461	59	728292672
2	2463	59	728292672
2	2464	59	728292672
2	2466	59	728292672
2	2476	60	728292672
2	2487	60	728292672
2	2489	60	728292672
2	2491	60	728292672
2	2493	60	728292672
2	2494	60	728292672
2	2496	60	728292672
2	2497	60	728292672
2	2499	60	728292672
2	2517	60	728292672
2	2523	61	728292672
2	2524	61	728292672
2	2526	61	728292672
2	2553	61	728292672
2	2554	61	728292672
2	2558	61	728292672
2	2559	61	728292672
2	2561	61	728292672
2	2563	61	728292672
2	2580	61	728292672
2	2582	62	728292672
2	2596	62	728292672
2	2597	62	728292672
2	2599	62	728292672
2	2601	62	728292672
2	2603	62	728292672
2	2611	62	728292672
2	2613	62	728292672
2	2615	62	728292672
2	2616	62	728292672
2	2618	63	728292672
2	2630	63	728292672
2	2631	63	728292672
2	2633	63	728292672
2	2638	63	728292672
2	2651	63	728292672
2	2652	63	728292672
2	2654	63	728292672
2	2668	63	728292672
2	2670	63	728292672
2	2680	64	728292672
2	2681	64	728292672
2	2683	64	728292672
2	2697	64	728292672
2	2698	64	728292672
2	2712	64	728292672
2	2713	64	728292672
2	2715	64	728292672
2	2732	64	728292672
2	2747	64	728292672
2	2755	65	728292672
2	2758	65	728292672
2	2760	65	728292672
2	2765	65	728292672
2	2766	65	728292672
2	2774	65	728292672
2	2783	65	728292672
2	2785	65	728292672
2	2786	65	728292672
2	2804	65	728292672
2	2814	66	728292672
2	2823	66	728292672
2	2826	66	728292672
2	2832	66	728292672
2	2835	66	728292672
2	2849	66	728292672
2	2854	66	728292672
2	2856	66	728292672
2	2858	66	728292672
2	2867	66	728292672
2	2868	67	728292672
2	2870	67	728292672
2	2888	67	728292672
2	2891	67	728292672
2	2893	67	728292672
2	2894	67	728292672
2	2896	67	728292672
2	2905	67	728292672
2	2906	67	728292672
2	2908	67	728292672
2	2910	68	728292672
2	2917	68	728292672
2	2918	68	728292672
2	2923	68	728292672
2	2938	68	728292672
2	2941	68	728292672
2	2943	68	728292672
2	2952	68	728292672
2	2957	68	728292672
2	2959	68	728292672
2	2970	69	728292672
2	2976	69	728292672
2	2978	69	728292672
2	2980	69	728292672
2	2990	69	728292672
2	2991	69	728292672
2	2993	69	728292672
2	2995	69	728292672
2	2996	69	728292672
2	2998	69	728292672
2	3015	70	728292672
2	3017	70	728292672
2	3019	70	728292672
2	3020	70	728292672
2	3022	70	728292672
2	3025	70	728292672
2	3032	70	728292672
2	3034	70	728292672
2	3035	70	728292672
2	3037	70	728292672
2	3047	71	728292672
2	3048	71	728292672
2	3050	71	728292672
2	3052	71	728292672
2	3053	71	728292672
2	3063	71	728292672
2	3065	71	728292672
2	3067	71	728292672
2	3069	71	728292672
2	3070	71	728292672
2	3080	72	728292672
2	3082	72	728292672
2	3084	72	728292672
2	3086	72	728292672
2	3087	72	728292672
2	3108	72	728292672
2	3110	72	728292672
2	3112	72	728292672
2	3123	72	728292672
2	3125	72	728292672
2	3126	73	728292672
2	3128	73	728292672
2	3138	73	728292672
2	3139	73	728292672
2	3141	73	728292672
2	3142	73	728292672
2	3144	73	728292672
2	3152	73	728292672
2	3158	73	728292672
2	3160	73	728292672
2	3162	74	728292672
2	3179	74	728292672
2	3187	74	728292672
2	3189	74	728292672
2	3193	74	728292672
2	3196	74	728292672
2	3197	74	728292672
2	3207	74	728292672
2	3213	74	728292672
2	3219	74	728292672
2	3220	75	728292672
2	3222	75	728292672
2	3230	75	728292672
2	3235	75	728292672
2	3238	75	728292672
2	3245	75	728292672
2	3247	75	728292672
2	3262	75	728292672
2	3263	75	728292672
2	3271	75	728292672
2	3277	76	728292672
2	3281	76	728292672
2	3290	76	728292672
2	3294	76	728292672
2	3296	76	728292672
2	3297	76	728292672
2	3306	76	728292672
2	3311	76	728292672
2	3312	76	728292672
2	3314	76	728292672
2	3326	77	728292672
2	3332	77	728292672
2	3338	77	728292672
2	3350	77	728292672
2	3352	77	728292672
2	3354	77	728292672
2	3355	77	728292672
2	3367	77	728292672
2	3369	77	728292672
2	3371	77	728292672
2	3372	78	728292672
2	3384	78	728292672
2	3385	78	728292672
2	3387	78	728292672
2	3389	78	728292672
2	3400	78	728292672
2	3401	78	728292672
2	3403	78	728292672
2	3404	78	728292672
2	3418	78	728292672
2	3419	79	728292672
2	3421	79	728292672
2	3432	79	728292672
2	3434	79	728292672
2	3440	79	728292672
2	3443	79	728292672
2	3445	79	728292672
2	3446	79	728292672
2	3451	79	728292672
2	3453	79	728292672
2	3455	80	728292672
2	3468	80	728292672
2	3470	80	728292672
2	3472	80	728292672
2	3477	80	728292672
2	3478	80	728292672
2	3484	80	728292672
2	3485	80	728292672
2	3493	80	728292672
2	3497	80	728292672
2	3504	81	728292672
2	3506	81	728292672
2	3511	81	728292672
2	3516	81	728292672
2	3518	81	728292672
2	3524	81	728292672
2	3531	81	728292672
2	3533	81	728292672
2	3535	81	728292672
2	3545	81	728292672
2	3552	82	728292672
2	3555	82	728292672
2	3562	82	728292672
2	3567	82	728292672
2	3570	82	728292672
2	3581	82	728292672
2	3583	82	728292672
2	3587	82	728292672
2	3591	82	728292672
2	3601	82	728292672
2	3603	83	728292672
2	3605	83	728292672
2	3609	83	728292672
2	3612	83	728292672
2	3614	83	728292672
2	3625	83	728292672
2	3628	83	728292672
2	3630	83	728292672
2	3634	83	728292672
2	3635	83	728292672
2	3637	84	728292672
2	3639	84	728292672
2	3650	84	728292672
2	3651	84	728292672
2	3653	84	728292672
2	3655	84	728292672
2	3672	84	728292672
2	3674	84	728292672
2	3677	84	728292672
2	3679	84	728292672
2	3681	85	728292672
2	3683	85	728292672
2	3684	85	728292672
2	3686	85	728292672
2	3696	85	728292672
2	3698	85	728292672
2	3699	85	728292672
2	3701	85	728292672
2	3703	85	728292672
2	3716	85	728292672
2	3718	86	728292672
2	3723	86	728292672
2	3727	86	728292672
2	3737	86	728292672
2	3739	86	728292672
2	3741	86	728292672
2	3745	86	728292672
2	3747	86	728292672
2	3757	86	728292672
2	3759	86	728292672
2	3762	87	728292672
2	3764	87	728292672
2	3765	87	728292672
2	3767	87	728292672
2	3769	87	728292672
2	3770	87	728292672
2	3788	87	728292672
2	3790	87	728292672
2	3792	87	728292672
2	3794	87	728292672
2	3796	88	728292672
2	3798	88	728292672
2	3800	88	728292672
2	3801	88	728292672
2	3803	88	728292672
2	3819	88	728292672
2	3824	88	728292672
2	3829	88	728292672
2	3831	88	728292672
2	3841	88	728292672
2	3844	89	728292672
2	3846	89	728292672
2	3849	89	728292672
2	3852	89	728292672
2	3854	89	728292672
2	3856	89	728292672
2	3868	89	728292672
2	3869	89	728292672
2	3871	89	728292672
2	3873	89	728292672
2	3888	90	728292672
2	3890	90	728292672
2	3892	90	728292672
2	3895	90	728292672
2	3897	90	728292672
2	3899	90	728292672
2	3900	90	728292672
2	3902	90	728292672
2	3920	90	728292672
2	3922	90	728292672
2	3923	91	728292672
2	3927	91	728292672
2	3930	91	728292672
2	3932	91	728292672
2	3934	91	728292672
2	3936	91	728292672
2	3937	91	728292672
2	3939	91	728292672
2	3957	91	728292672
2	3962	91	728292672
2	3964	92	728292672
2	3969	92	728292672
2	3971	92	728292672
2	3979	92	728292672
2	3991	92	728292672
2	3993	92	728292672
2	3995	92	728292672
2	3997	92	728292672
2	3999	92	728292672
2	4001	92	728292672
2	4003	93	728292672
2	4008	93	728292672
2	4013	93	728292672
2	4015	93	728292672
2	4017	93	728292672
2	4019	93	728292672
2	4032	93	728292672
2	4034	93	728292672
2	4035	93	728292672
2	4037	93	728292672
2	4039	94	728292672
2	4056	94	728292672
2	4059	94	728292672
2	4062	94	728292672
2	4064	94	728292672
2	4066	94	728292672
2	4068	94	728292672
2	4069	94	728292672
2	4071	94	728292672
2	4089	94	728292672
2	4090	95	728292672
2	4092	95	728292672
2	4096	95	728292672
2	4108	95	728292672
2	4112	95	728292672
2	4114	95	728292672
2	4116	95	728292672
2	4118	95	728292672
2	4120	95	728292672
2	4122	95	728292672
2	4123	96	728292672
2	4133	96	728292672
2	4135	96	728292672
2	4136	96	728292672
2	4138	96	728292672
2	4151	96	728292672
2	4153	96	728292672
2	4159	96	728292672
2	4163	96	728292672
2	4168	96	728292672
2	4172	97	728292672
2	4174	97	728292672
2	4176	97	728292672
2	4178	97	728292672
2	4179	97	728292672
2	4189	97	728292672
2	4190	97	728292672
2	4192	97	728292672
2	4194	97	728292672
2	4200	97	728292672
2	4201	98	728292672
2	4203	98	728292672
2	4204	98	728292672
2	4220	98	728292672
2	4221	98	728292672
2	4222	98	728292672
2	4225	98	728292672
2	4227	98	728292672
2	4234	98	728292672
2	4235	98	728292672
2	4237	99	728292672
2	4238	99	728292672
2	4250	99	728292672
2	4252	99	728292672
2	4253	99	728292672
2	4255	99	728292672
2	4257	99	728292672
2	4258	99	728292672
2	4260	99	728292672
2	4261	99	728292672
2	4263	100	728292672
estimating workload which takes just one millsecond
end estimation
0	1	0	728292672
0	3	0	728292672
0	4	0	728292672
0	6	0	728292672
0	16	0	728292672
0	18	0	728292672
0	19	0	728292672
0	21	0	728292672
0	23	0	728292672
0	25	1	728292672
0	26	1	728292672
0	35	1	728292672
0	36	1	728292672
0	38	1	728292672
0	47	1	728292672
0	49	1	728292672
0	51	1	728292672
0	52	1	728292672
0	54	1	728292672
0	56	2	728292672
0	68	2	728292672
0	69	2	728292672
0	71	2	728292672
0	73	2	728292672
0	74	2	728292672
0	84	2	728292672
0	86	2	728292672
0	88	2	728292672
0	90	2	728292672
0	91	3	728292672
0	93	3	728292672
0	95	3	728292672
0	117	3	728292672
0	118	3	728292672
0	120	3	728292672
0	121	3	728292672
0	123	3	728292672
0	133	3	728292672
0	135	3	728292672
0	136	4	728292672
0	138	4	728292672
0	148	4	728292672
0	150	4	728292672
0	151	4	728292672
0	153	4	728292672
0	155	4	728292672
0	157	4	728292672
0	169	4	728292672
0	171	4	728292672
0	172	5	728292672
0	174	5	728292672
0	184	5	728292672
0	186	5	728292672
0	187	5	728292672
0	189	5	728292672
0	191	5	728292672
0	201	5	728292672
0	203	5	728292672
0	204	5	728292672
0	206	6	728292672
0	207	6	728292672
0	213	6	728292672
0	215	6	728292672
0	217	6	728292672
0	228	6	728292672
0	230	6	728292672
0	231	6	728292672
0	233	6	728292672
0	245	6	728292672
0	246	7	728292672
0	248	7	728292672
0	250	7	728292672
0	259	7	728292672
0	261	7	728292672
0	269	7	728292672
0	271	7	728292672
0	272	7	728292672
0	274	7	728292672
0	278	7	728292672
0	280	8	728292672
0	281	8	728292672
0	283	8	728292672
0	294	8	728292672
0	296	8	728292672
0	297	8	728292672
0	299	8	728292672
0	308	8	728292672
0	311	8	728292672
0	313	8	728292672
0	315	9	728292672
0	316	9	728292672
0	328	9	728292672
0	329	9	728292672
0	331	9	728292672
0	332	9	728292672
0	342	9	728292672
0	344	9	728292672
0	346	9	728292672
0	348	9	728292672
0	358	10	728292672
0	364	10	728292672
0	366	10	728292672
0	369	10	728292672
0	370	10	728292672
0	372	10	728292672
0	382	10	728292672
0	384	10	728292672
0	386	10	728292672
0	392	10	728292672
0	393	11	728292672
0	395	11	728292672
0	397	11	728292672
0	408	11	728292672
0	410	11	728292672
0	412	11	728292672
0	413	11	728292672
0	415	11	728292672
0	429	11	728292672
0	430	11	728292672
0	436	12	728292672
0	437	12	728292672
0	439	12	728292672
0	441	12	728292672
0	442	12	728292672
0	453	12	728292672
0	455	12	728292672
0	460	12	728292672
0	462	12	728292672
0	469	12	728292672
0	470	13	728292672
0	480	13	728292672
0	482	13	728292672
0	484	13	728292672
0	487	13	728292672
0	496	13	728292672
0	498	13	728292672
0	499	13	728292672
0	504	13	728292672
0	506	13	728292672
0	513	14	728292672
0	515	14	728292672
0	519	14	728292672
0	528	14	728292672
0	530	14	728292672
0	531	14	728292672
0	533	14	728292672
0	538	14	728292672
0	546	14	728292672
0	548	14	728292672
0	549	15	728292672
0	551	15	728292672
0	560	15	728292672
0	563	15	728292672
0	564	15	728292672
0	566	15	728292672
0	568	15	728292672
0	589	15	728292672
0	591	15	728292672
0	605	15	728292672
0	606	16	728292672
0	608	16	728292672
0	609	16	728292672
0	612	16	728292672
0	614	16	728292672
0	615	16	728292672
0	617	16	728292672
0	638	16	728292672
0	640	16	728292672
0	642	16	728292672
0	645	17	728292672
0	647	17	728292672
0	652	17	728292672
0	661	17	728292672
0	663	17	728292672
0	672	17	728292672
0	674	17	728292672
0	681	17	728292672
0	683	17	728292672
0	694	17	728292672
0	696	18	728292672
0	701	18	728292672
0	705	18	728292672
0	707	18	728292672
0	717	18	728292672
0	721	18	728292672
0	723	18	728292672
0	731	18	728292672
0	733	18	728292672
0	738	18	728292672
0	740	19	728292672
0	750	19	728292672
0	751	19	728292672
0	754	19	728292672
0	756	19	728292672
0	759	19	728292672
0	761	19	728292672
0	763	19	728292672
0	764	19	728292672
0	785	19	728292672
0	787	20	728292672
0	788	20	728292672
0	796	20	728292672
0	797	20	728292672
0	799	20	728292672
0	800	20	728292672
0	816	20	728292672
0	817	20	728292672
0	832	20	728292672
0	834	20	728292672
0	843	21	728292672
0	845	21	728292672
0	847	21	728292672
0	849	21	728292672
0	851	21	728292672
0	855	21	728292672
0	857	21	728292672
0	867	21	728292672
0	869	21	728292672
0	871	21	728292672
0	873	22	728292672
0	875	22	728292672
0	877	22	728292672
0	879	22	728292672
0	886	22	728292672
0	890	22	728292672
0	892	22	728292672
0	894	22	728292672
0	907	22	728292672
0	910	22	728292672
0	915	23	728292672
0	917	23	728292672
0	928	23	728292672
0	930	23	728292672
0	932	23	728292672
0	934	23	728292672
0	945	23	728292672
0	946	23	728292672
0	948	23	728292672
0	950	23	728292672
0	951	24	728292672
0	971	24	728292672
0	973	24	728292672
0	974	24	728292672
0	976	24	728292672
0	977	24	728292672
0	979	24	728292672
0	995	24	728292672
0	997	24	728292672
0	999	24	728292672
0	1000	25	728292672
0	1009	25	728292672
0	1011	25	728292672
0	1013	25	728292672
0	1014	25	728292672
0	1020	25	728292672
0	1022	25	728292672
0	1023	25	728292672
0	1025	25	728292672
0	1036	25	728292672
0	1038	26	728292672
0	1039	26	728292672
0	1041	26	728292672
0	1043	26	728292672
0	1050	26	728292672
0	1051	26	728292672
0	1060	26	728292672
0	1062	26	728292672
0	1064	26	728292672
0	1065	26	728292672
0	1067	27	728292672
0	1077	27	728292672
0	1078	27	728292672
0	1080	27	728292672
0	1082	27	728292672
0	1095	27	728292672
0	1097	27	728292672
0	1098	27	728292672
0	1100	27	728292672
0	1102	27	728292672
0	1104	28	728292672
0	1111	28	728292672
0	1113	28	728292672
0	1115	28	728292672
0	1124	28	728292672
0	1126	28	728292672
0	1136	28	728292672
0	1137	28	728292672
0	1139	28	728292672
0	1141	28	728292672
0	1142	29	728292672
0	1152	29	728292672
0	1154	29	728292672
0	1156	29	728292672
0	1158	29	728292672
0	1159	29	728292672
0	1165	29	728292672
0	1166	29	728292672
0	1168	29	728292672
0	1180	29	728292672
0	1182	30	728292672
0	1183	30	728292672
0	1185	30	728292672
0	1187	30	728292672
0	1189	30	728292672
0	1191	30	728292672
0	1192	30	728292672
0	1194	30	728292672
0	1210	30	728292672
0	1212	30	728292672
0	1213	31	728292672
0	1215	31	728292672
0	1217	31	728292672
0	1218	31	728292672
0	1231	31	728292672
0	1232	31	728292672
0	1234	31	728292672
0	1238	31	728292672
0	1248	31	728292672
0	1249	31	728292672
0	1251	32	728292672
0	1256	32	728292672
0	1257	32	728292672
0	1259	32	728292672
0	1264	32	728292672
0	1266	32	728292672
0	1268	32	728292672
0	1279	32	728292672
0	1280	32	728292672
0	1282	32	728292672
0	1283	33	728292672
0	1288	33	728292672
0	1290	33	728292672
0	1292	33	728292672
0	1294	33	728292672
0	1304	33	728292672
0	1305	33	728292672
0	1307	33	728292672
0	1313	33	728292672
0	1314	33	728292672
0	1316	34	728292672
0	1318	34	728292672
0	1328	34	728292672
0	1329	34	728292672
0	1331	34	728292672
0	1333	34	728292672
0	1334	34	728292672
0	1352	34	728292672
0	1354	34	728292672
0	1355	34	728292672
0	1357	35	728292672
0	1359	35	728292672
0	1364	35	728292672
0	1365	35	728292672
0	1367	35	728292672
0	1369	35	728292672
0	1380	35	728292672
0	1382	35	728292672
0	1384	35	728292672
0	1385	35	728292672
0	1391	36	728292672
0	1392	36	728292672
0	1394	36	728292672
0	1396	36	728292672
0	1398	36	728292672
0	1410	36	728292672
0	1412	36	728292672
0	1413	36	728292672
0	1415	36	728292672
0	1417	36	728292672
0	1419	37	728292672
0	1432	37	728292672
0	1434	37	728292672
0	1435	37	728292672
0	1444	37	728292672
0	1446	37	728292672
0	1447	37	728292672
0	1449	37	728292672
0	1450	37	728292672
0	1457	37	728292672
0	1459	38	728292672
0	1468	38	728292672
0	1470	38	728292672
0	1472	38	728292672
0	1474	38	728292672
0	1476	38	728292672
0	1477	38	728292672
0	1479	38	728292672
0	1487	38	728292672
0	1488	38	728292672
0	1490	39	728292672
0	1492	39	728292672
0	1494	39	728292672
0	1508	39	728292672
0	1509	39	728292672
0	1511	39	728292672
0	1518	39	728292672
0	1520	39	728292672
0	1522	39	728292672
0	1523	39	728292672
0	1525	40	728292672
0	1527	40	728292672
0	1538	40	728292672
0	1539	40	728292672
0	1541	40	728292672
0	1542	40	728292672
0	1549	40	728292672
0	1550	40	728292672
0	1552	40	728292672
0	1560	40	728292672
0	1562	41	728292672
0	1563	41	728292672
0	1565	41	728292672
0	1567	41	728292672
0	1576	41	728292672
0	1578	41	728292672
0	1588	41	728292672
0	1590	41	728292672
0	1592	41	728292672
0	1594	41	728292672
0	1603	42	728292672
0	1605	42	728292672
0	1607	42	728292672
0	1617	42	728292672
0	1622	42	728292672
0	1623	42	728292672
0	1634	42	728292672
0	1635	42	728292672
0	1637	42	728292672
0	1645	42	728292672
0	1646	43	728292672
0	1648	43	728292672
0	1656	43	728292672
0	1658	43	728292672
0	1660	43	728292672
0	1662	43	728292672
0	1670	43	728292672
0	1672	43	728292672
0	1674	43	728292672
0	1675	43	728292672
0	1684	44	728292672
0	1685	44	728292672
0	1687	44	728292672
0	1699	44	728292672
0	1700	44	728292672
0	1702	44	728292672
0	1708	44	728292672
0	1713	44	728292672
0	1714	44	728292672
0	1736	44	728292672
0	1739	45	728292672
0	1743	45	728292672
0	1744	45	728292672
0	1746	45	728292672
0	1773	45	728292672
0	1777	45	728292672
0	1779	45	728292672
0	1786	45	728292672
0	1793	45	728292672
0	1794	45	728292672
0	1811	46	728292672
0	1813	46	728292672
0	1815	46	728292672
0	1816	46	728292672
0	1818	46	728292672
0	1832	46	728292672
0	1836	46	728292672
0	1838	46	728292672
0	1840	46	728292672
0	1841	46	728292672
0	1843	47	728292672
0	1851	47	728292672
0	1863	47	728292672
0	1865	47	728292672
0	1866	47	728292672
0	1868	47	728292672
0	1876	47	728292672
0	1877	47	728292672
0	1879	47	728292672
0	1900	47	728292672
0	1910	48	728292672
0	1919	48	728292672
0	1920	48	728292672
0	1922	48	728292672
0	1926	48	728292672
0	1936	48	728292672
0	1941	48	728292672
0	1943	48	728292672
0	1944	48	728292672
0	1946	48	728292672
0	1960	49	728292672
0	1962	49	728292672
0	1964	49	728292672
0	1965	49	728292672
0	1972	49	728292672
0	1980	49	728292672
0	1984	49	728292672
0	1986	49	728292672
0	1993	49	728292672
0	1999	49	728292672
0	2010	50	728292672
0	2014	50	728292672
0	2020	50	728292672
0	2022	50	728292672
0	2024	50	728292672
0	2025	50	728292672
0	2027	50	728292672
0	2044	50	728292672
0	2052	50	728292672
0	2053	50	728292672
0	2064	51	728292672
0	2066	51	728292672
0	2075	51	728292672
0	2076	51	728292672
0	2078	51	728292672
0	2080	51	728292672
0	2081	51	728292672
0	2083	51	728292672
0	2103	51	728292672
0	2105	51	728292672
0	2107	52	728292672
0	2109	52	728292672
0	2110	52	728292672
0	2137	52	728292672
0	2139	52	728292672
0	2140	52	728292672
0	2142	52	728292672
0	2150	52	728292672
0	2161	52	728292672
0	2163	52	728292672
0	2165	53	728292672
0	2167	53	728292672
0	2172	53	728292672
0	2186	53	728292672
0	2188	53	728292672
0	2190	53	728292672
0	2192	53	728292672
0	2194	53	728292672
0	2205	53	728292672
0	2207	53	728292672
0	2216	54	728292672
0	2225	54	728292672
0	2226	54	728292672
0	2230	54	728292672
0	2231	54	728292672
0	2237	54	728292672
0	2239	54	728292672
0	2252	54	728292672
0	2254	54	728292672
0	2257	54	728292672
0	2267	55	728292672
0	2269	55	728292672
0	2271	55	728292672
0	2286	55	728292672
0	2292	55	728292672
0	2294	55	728292672
0	2295	55	728292672
0	2306	55	728292672
0	2308	55	728292672
0	2310	55	728292672
0	2311	56	728292672
0	2332	56	728292672
0	2334	56	728292672
0	2344	56	728292672
0	2346	56	728292672
0	2356	56	728292672
0	2358	56	728292672
0	2359	56	728292672
0	2368	56	728292672
0	2370	56	728292672
0	2380	57	728292672
0	2381	57	728292672
0	2383	57	728292672
0	2393	57	728292672
0	2394	57	728292672
0	2403	57	728292672
0	2410	57	728292672
0	2412	57	728292672
0	2414	57	728292672
0	2420	57	728292672
0	2426	58	728292672
0	2433	58	728292672
0	2435	58	728292672
0	2439	58	728292672
0	2441	58	728292672
0	2443	58	728292672
0	2444	58	728292672
0	2446	58	728292672
0	2468	58	728292672
0	2470	58	728292672
0	2472	59	728292672
0	2474	59	728292672
0	2476	59	728292672
0	2480	59	728292672
0	2481	59	728292672
0	2483	59	728292672
0	2485	59	728292672
0	2505	59	728292672
0	2507	59	728292672
0	2509	59	728292672
0	2510	60	728292672
0	2512	60	728292672
0	2514	60	728292672
0	2539	60	728292672
0	2550	60	728292672
0	2552	60	728292672
0	2571	60	728292672
0	2573	60	728292672
0	2575	60	728292672
0	2577	60	728292672
0	2578	61	728292672
0	2589	61	728292672
0	2591	61	728292672
0	2592	61	728292672
0	2594	61	728292672
0	2604	61	728292672
0	2606	61	728292672
0	2607	61	728292672
0	2609	61	728292672
0	2620	61	728292672
0	2622	62	728292672
0	2624	62	728292672
0	2625	62	728292672
0	2627	62	728292672
0	2629	62	728292672
0	2635	62	728292672
0	2639	62	728292672
0	2663	62	728292672
0	2666	62	728292672
0	2673	62	728292672
0	2684	63	728292672
0	2690	63	728292672
0	2691	63	728292672
0	2702	63	728292672
0	2704	63	728292672
0	2712	63	728292672
0	2718	63	728292672
0	2722	63	728292672
0	2724	63	728292672
0	2725	63	728292672
0	2727	64	728292672
0	2756	64	728292672
0	2758	64	728292672
0	2760	64	728292672
0	2761	64	728292672
0	2763	64	728292672
0	2769	64	728292672
0	2770	64	728292672
0	2782	64	728292672
0	2784	64	728292672
0	2785	65	728292672
0	2802	65	728292672
0	2803	65	728292672
0	2811	65	728292672
0	2813	65	728292672
0	2814	65	728292672
0	2837	65	728292672
0	2839	65	728292672
0	2845	65	728292672
0	2846	65	728292672
0	2867	66	728292672
0	2869	66	728292672
0	2871	66	728292672
0	2880	66	728292672
0	2882	66	728292672
0	2883	66	728292672
0	2885	66	728292672
0	2887	66	728292672
0	2909	66	728292672
0	2911	66	728292672
0	2920	67	728292672
0	2922	67	728292672
0	2923	67	728292672
0	2942	67	728292672
0	2946	67	728292672
0	2950	67	728292672
0	2951	67	728292672
0	2956	67	728292672
0	2959	67	728292672
0	2968	67	728292672
0	2970	68	728292672
0	2973	68	728292672
0	2974	68	728292672
0	2976	68	728292672
0	2978	68	728292672
0	2986	68	728292672
0	2988	68	728292672
0	3000	68	728292672
0	3002	68	728292672
0	3004	68	728292672
0	3006	69	728292672
0	3008	69	728292672
0	3009	69	728292672
0	3011	69	728292672
0	3013	69	728292672
0	3014	69	728292672
0	3028	69	728292672
0	3030	69	728292672
0	3032	69	728292672
0	3034	69	728292672
0	3035	70	728292672
0	3037	70	728292672
0	3047	70	728292672
0	3049	70	728292672
0	3051	70	728292672
0	3060	70	728292672
0	3061	70	728292672
0	3063	70	728292672
0	3073	70	728292672
0	3075	70	728292672
0	3077	71	728292672
0	3079	71	728292672
0	3088	71	728292672
0	3090	71	728292672
0	3092	71	728292672
0	3093	71	728292672
0	3099	71	728292672
0	3105	71	728292672
0	3109	71	728292672
0	3119	71	728292672
0	3121	72	728292672
0	3124	72	728292672
0	3126	72	728292672
0	3128	72	728292672
0	3142	72	728292672
0	3147	72	728292672
0	3149	72	728292672
0	3150	72	728292672
0	3154	72	728292672
0	3166	72	728292672
0	3167	73	728292672
0	3169	73	728292672
0	3179	73	728292672
0	3180	73	728292672
0	3182	73	728292672
0	3184	73	728292672
0	3185	73	728292672
0	3203	73	728292672
0	3205	73	728292672
0	3209	73	728292672
0	3211	74	728292672
0	3220	74	728292672
0	3221	74	728292672
0	3226	74	728292672
0	3228	74	728292672
0	3236	74	728292672
0	3238	74	728292672
0	3239	74	728292672
0	3252	74	728292672
0	3260	74	728292672
0	3268	75	728292672
0	3270	75	728292672
0	3276	75	728292672
0	3278	75	728292672
0	3284	75	728292672
0	3287	75	728292672
0	3295	75	728292672
0	3297	75	728292672
0	3304	75	728292672
0	3305	75	728292672
0	3318	76	728292672
0	3320	76	728292672
0	3321	76	728292672
0	3333	76	728292672
0	3334	76	728292672
0	3336	76	728292672
0	3345	76	728292672
0	3347	76	728292672
0	3348	76	728292672
0	3359	76	728292672
0	3362	77	728292672
0	3371	77	728292672
0	3372	77	728292672
0	3378	77	728292672
0	3382	77	728292672
0	3384	77	728292672
0	3386	77	728292672
0	3399	77	728292672
0	3400	77	728292672
0	3402	77	728292672
0	3404	78	728292672
0	3405	78	728292672
0	3416	78	728292672
0	3418	78	728292672
0	3419	78	728292672
0	3421	78	728292672
0	3429	78	728292672
0	3441	78	728292672
0	3442	78	728292672
0	3444	78	728292672
0	3446	79	728292672
0	3447	79	728292672
0	3452	79	728292672
0	3454	79	728292672
0	3456	79	728292672
0	3468	79	728292672
0	3471	79	728292672
0	3472	79	728292672
0	3475	79	728292672
0	3477	79	728292672
0	3478	80	728292672
0	3486	80	728292672
0	3488	80	728292672
0	3489	80	728292672
0	3497	80	728292672
0	3498	80	728292672
0	3499	80	728292672
0	3501	80	728292672
0	3503	80	728292672
0	3518	80	728292672
0	3520	81	728292672
0	3526	81	728292672
0	3529	81	728292672
0	3536	81	728292672
0	3538	81	728292672
0	3540	81	728292672
0	3545	81	728292672
0	3554	81	728292672
0	3556	81	728292672
0	3562	81	728292672
0	3563	82	728292672
0	3569	82	728292672
0	3571	82	728292672
0	3576	82	728292672
0	3580	82	728292672
0	3587	82	728292672
0	3588	82	728292672
0	3596	82	728292672
0	3602	82	728292672
0	3604	82	728292672
0	3615	83	728292672
0	3617	83	728292672
0	3621	83	728292672
0	3623	83	728292672
0	3638	83	728292672
0	3646	83	728292672
0	3648	83	728292672
0	3655	83	728292672
0	3657	83	728292672
0	3660	83	728292672
0	3662	84	728292672
0	3664	84	728292672
0	3665	84	728292672
0	3667	84	728292672
0	3669	84	728292672
0	3670	84	728292672
0	3686	84	728292672
0	3688	84	728292672
0	3690	84	728292672
0	3697	84	728292672
0	3699	85	728292672
0	3700	85	728292672
0	3702	85	728292672
0	3715	85	728292672
0	3723	85	728292672
0	3726	85	728292672
0	3729	85	728292672
0	3730	85	728292672
0	3736	85	728292672
0	3739	85	728292672
0	3746	86	728292672
0	3747	86	728292672
0	3749	86	728292672
0	3751	86	728292672
0	3753	86	728292672
0	3755	86	728292672
0	3772	86	728292672
0	3775	86	728292672
0	3778	86	728292672
0	3780	86	728292672
0	3788	87	728292672
0	3790	87	728292672
0	3794	87	728292672
0	3796	87	728292672
0	3798	87	728292672
0	3800	87	728292672
0	3802	87	728292672
0	3816	87	728292672
0	3818	87	728292672
0	3822	87	728292672
0	3828	88	728292672
0	3830	88	728292672
0	3839	88	728292672
0	3842	88	728292672
0	3843	88	728292672
0	3845	88	728292672
0	3847	88	728292672
0	3849	88	728292672
0	3858	88	728292672
0	3868	88	728292672
0	3870	89	728292672
0	3872	89	728292672
0	3873	89	728292672
0	3876	89	728292672
0	3883	89	728292672
0	3884	89	728292672
0	3886	89	728292672
0	3888	89	728292672
0	3890	89	728292672
0	3901	89	728292672
0	3903	90	728292672
0	3904	90	728292672
0	3906	90	728292672
0	3913	90	728292672
0	3914	90	728292672
0	3916	90	728292672
0	3918	90	728292672
0	3932	90	728292672
0	3934	90	728292672
0	3935	90	728292672
0	3937	91	728292672
0	3945	91	728292672
0	3947	91	728292672
0	3949	91	728292672
0	3950	91	728292672
0	3952	91	728292672
0	3954	91	728292672
0	3972	91	728292672
0	3973	91	728292672
0	3977	91	728292672
0	3978	92	728292672
0	3980	92	728292672
0	3981	92	728292672
0	3988	92	728292672
0	3994	92	728292672
0	3995	92	728292672
0	3997	92	728292672
0	3999	92	728292672
0	4009	92	728292672
0	4011	92	728292672
0	4021	93	728292672
0	4023	93	728292672
0	4025	93	728292672
0	4027	93	728292672
0	4029	93	728292672
0	4031	93	728292672
0	4040	93	728292672
0	4042	93	728292672
0	4044	93	728292672
0	4046	93	728292672
0	4055	94	728292672
0	4058	94	728292672
0	4060	94	728292672
0	4062	94	728292672
0	4063	94	728292672
0	4065	94	728292672
0	4067	94	728292672
0	4076	94	728292672
0	4081	94	728292672
0	4083	94	728292672
0	4085	95	728292672
0	4086	95	728292672
0	4088	95	728292672
0	4106	95	728292672
0	4111	95	728292672
0	4113	95	728292672
0	4117	95	728292672
0	4119	95	728292672
0	4123	95	728292672
0	4132	95	728292672
0	4140	96	728292672
0	4142	96	728292672
0	4145	96	728292672
0	4146	96	728292672
0	4155	96	728292672
0	4156	96	728292672
0	4158	96	728292672
0	4160	96	728292672
0	4169	96	728292672
0	4171	96	728292672
0	4172	97	728292672
0	4174	97	728292672
0	4176	97	728292672
0	4178	97	728292672
0	4179	97	728292672
0	4181	97	728292672
0	4192	97	728292672
0	4193	97	728292672
0	4195	97	728292672
0	4211	97	728292672
0	4213	98	728292672
0	4215	98	728292672
0	4225	98	728292672
0	4229	98	728292672
0	4230	98	728292672
0	4231	98	728292672
0	4243	98	728292672
0	4245	98	728292672
0	4246	98	728292672
0	4248	98	728292672
0	4256	99	728292672
0	4257	99	728292672
0	4259	99	728292672
0	4260	99	728292672
0	4262	99	728292672
0	4267	99	728292672
0	4269	99	728292672
0	4270	99	728292672
0	4272	99	728292672
0	4274	99	728292672
0	4275	100	728292672
estimating workload which takes just one millsecond
end estimation
1	9	0	728292672
1	10	0	728292672
1	12	0	728292672
1	14	0	728292672
1	28	0	728292672
1	29	0	728292672
1	31	0	728292672
1	33	0	728292672
1	40	0	728292672
1	41	1	728292672
1	43	1	728292672
1	45	1	728292672
1	47	1	728292672
1	59	1	728292672
1	60	1	728292672
1	62	1	728292672
1	64	1	728292672
1	66	1	728292672
1	67	1	728292672
1	77	2	728292672
1	78	2	728292672
1	80	2	728292672
1	82	2	728292672
1	83	2	728292672
1	97	2	728292672
1	102	2	728292672
1	103	2	728292672
1	107	2	728292672
1	109	2	728292672
1	111	3	728292672
1	112	3	728292672
1	114	3	728292672
1	124	3	728292672
1	125	3	728292672
1	127	3	728292672
1	129	3	728292672
1	131	3	728292672
1	140	3	728292672
1	142	3	728292672
1	144	4	728292672
1	145	4	728292672
1	147	4	728292672
1	159	4	728292672
1	161	4	728292672
1	162	4	728292672
1	164	4	728292672
1	166	4	728292672
1	176	4	728292672
1	177	4	728292672
1	179	5	728292672
1	181	5	728292672
1	183	5	728292672
1	192	5	728292672
1	194	5	728292672
1	196	5	728292672
1	198	5	728292672
1	208	5	728292672
1	209	5	728292672
1	218	5	728292672
1	221	6	728292672
1	223	6	728292672
1	225	6	728292672
1	226	6	728292672
1	237	6	728292672
1	239	6	728292672
1	240	6	728292672
1	242	6	728292672
1	253	6	728292672
1	254	6	728292672
1	256	7	728292672
1	262	7	728292672
1	264	7	728292672
1	265	7	728292672
1	267	7	728292672
1	277	7	728292672
1	286	7	728292672
1	287	7	728292672
1	289	7	728292672
1	291	7	728292672
1	301	8	728292672
1	303	8	728292672
1	305	8	728292672
1	307	8	728292672
1	317	8	728292672
1	320	8	728292672
1	322	8	728292672
1	323	8	728292672
1	326	8	728292672
1	335	8	728292672
1	337	9	728292672
1	339	9	728292672
1	340	9	728292672
1	350	9	728292672
1	353	9	728292672
1	355	9	728292672
1	356	9	728292672
1	360	9	728292672
1	362	9	728292672
1	374	9	728292672
1	376	10	728292672
1	378	10	728292672
1	379	10	728292672
1	381	10	728292672
1	389	10	728292672
1	391	10	728292672
1	400	10	728292672
1	404	10	728292672
1	406	10	728292672
1	415	10	728292672
1	417	11	728292672
1	420	11	728292672
1	422	11	728292672
1	423	11	728292672
1	425	11	728292672
1	426	11	728292672
1	432	11	728292672
1	443	11	728292672
1	445	11	728292672
1	446	11	728292672
1	448	12	728292672
1	450	12	728292672
1	456	12	728292672
1	458	12	728292672
1	465	12	728292672
1	467	12	728292672
1	473	12	728292672
1	475	12	728292672
1	476	12	728292672
1	478	12	728292672
1	488	13	728292672
1	491	13	728292672
1	493	13	728292672
1	495	13	728292672
1	503	13	728292672
1	508	13	728292672
1	509	13	728292672
1	511	13	728292672
1	517	13	728292672
1	522	13	728292672
1	523	14	728292672
1	525	14	728292672
1	527	14	728292672
1	536	14	728292672
1	539	14	728292672
1	541	14	728292672
1	543	14	728292672
1	545	14	728292672
1	557	14	728292672
1	562	14	728292672
1	576	15	728292672
1	578	15	728292672
1	582	15	728292672
1	583	15	728292672
1	593	15	728292672
1	595	15	728292672
1	596	15	728292672
1	598	15	728292672
1	600	15	728292672
1	601	15	728292672
1	621	16	728292672
1	623	16	728292672
1	625	16	728292672
1	627	16	728292672
1	628	16	728292672
1	630	16	728292672
1	631	16	728292672
1	633	16	728292672
1	649	16	728292672
1	658	16	728292672
1	664	17	728292672
1	665	17	728292672
1	667	17	728292672
1	678	17	728292672
1	680	17	728292672
1	688	17	728292672
1	689	17	728292672
1	691	17	728292672
1	698	17	728292672
1	708	17	728292672
1	711	18	728292672
1	713	18	728292672
1	714	18	728292672
1	725	18	728292672
1	726	18	728292672
1	728	18	728292672
1	729	18	728292672
1	731	18	728292672
1	744	18	728292672
1	746	18	728292672
1	747	19	728292672
1	757	19	728292672
1	765	19	728292672
1	767	19	728292672
1	770	19	728292672
1	772	19	728292672
1	773	19	728292672
1	790	19	728292672
1	792	19	728292672
1	794	19	728292672
1	803	20	728292672
1	810	20	728292672
1	812	20	728292672
1	814	20	728292672
1	824	20	728292672
1	825	20	728292672
1	827	20	728292672
1	829	20	728292672
1	831	20	728292672
1	848	20	728292672
1	850	21	728292672
1	852	21	728292672
1	861	21	728292672
1	863	21	728292672
1	864	21	728292672
1	866	21	728292672
1	880	21	728292672
1	882	21	728292672
1	883	21	728292672
1	885	21	728292672
1	887	22	728292672
1	897	22	728292672
1	898	22	728292672
1	900	22	728292672
1	902	22	728292672
1	904	22	728292672
1	912	22	728292672
1	914	22	728292672
1	916	22	728292672
1	918	22	728292672
1	929	23	728292672
1	931	23	728292672
1	932	23	728292672
1	934	23	728292672
1	944	23	728292672
1	946	23	728292672
1	947	23	728292672
1	949	23	728292672
1	951	23	728292672
1	961	23	728292672
1	967	24	728292672
1	970	24	728292672
1	972	24	728292672
1	973	24	728292672
1	975	24	728292672
1	983	24	728292672
1	987	24	728292672
1	988	24	728292672
1	990	24	728292672
1	1003	24	728292672
1	1004	25	728292672
1	1006	25	728292672
1	1008	25	728292672
1	1009	25	728292672
1	1019	25	728292672
1	1020	25	728292672
1	1022	25	728292672
1	1024	25	728292672
1	1025	25	728292672
1	1037	25	728292672
1	1039	26	728292672
1	1040	26	728292672
1	1042	26	728292672
1	1051	26	728292672
1	1053	26	728292672
1	1055	26	728292672
1	1057	26	728292672
1	1058	26	728292672
1	1060	26	728292672
1	1061	26	728292672
1	1069	27	728292672
1	1071	27	728292672
1	1073	27	728292672
1	1075	27	728292672
1	1087	27	728292672
1	1088	27	728292672
1	1090	27	728292672
1	1092	27	728292672
1	1093	27	728292672
1	1095	27	728292672
1	1104	28	728292672
1	1106	28	728292672
1	1107	28	728292672
1	1112	28	728292672
1	1114	28	728292672
1	1116	28	728292672
1	1128	28	728292672
1	1129	28	728292672
1	1131	28	728292672
1	1133	28	728292672
1	1134	29	728292672
1	1144	29	728292672
1	1146	29	728292672
1	1147	29	728292672
1	1149	29	728292672
1	1151	29	728292672
1	1160	29	728292672
1	1162	29	728292672
1	1164	29	728292672
1	1166	29	728292672
1	1167	30	728292672
1	1177	30	728292672
1	1179	30	728292672
1	1180	30	728292672
1	1182	30	728292672
1	1196	30	728292672
1	1197	30	728292672
1	1199	30	728292672
1	1200	30	728292672
1	1202	30	728292672
1	1204	31	728292672
1	1205	31	728292672
1	1207	31	728292672
1	1209	31	728292672
1	1211	31	728292672
1	1220	31	728292672
1	1230	31	728292672
1	1232	31	728292672
1	1234	31	728292672
1	1236	31	728292672
1	1240	32	728292672
1	1241	32	728292672
1	1243	32	728292672
1	1245	32	728292672
1	1255	32	728292672
1	1270	32	728292672
1	1272	32	728292672
1	1274	32	728292672
1	1275	32	728292672
1	1277	32	728292672
1	1284	33	728292672
1	1289	33	728292672
1	1291	33	728292672
1	1292	33	728292672
1	1294	33	728292672
1	1305	33	728292672
1	1306	33	728292672
1	1308	33	728292672
1	1310	33	728292672
1	1320	33	728292672
1	1322	34	728292672
1	1324	34	728292672
1	1326	34	728292672
1	1335	34	728292672
1	1338	34	728292672
1	1339	34	728292672
1	1341	34	728292672
1	1343	34	728292672
1	1353	34	728292672
1	1355	34	728292672
1	1356	35	728292672
1	1358	35	728292672
1	1370	35	728292672
1	1371	35	728292672
1	1373	35	728292672
1	1375	35	728292672
1	1376	35	728292672
1	1378	35	728292672
1	1387	35	728292672
1	1388	35	728292672
1	1391	36	728292672
1	1393	36	728292672
1	1395	36	728292672
1	1397	36	728292672
1	1398	36	728292672
1	1412	36	728292672
1	1414	36	728292672
1	1416	36	728292672
1	1417	36	728292672
1	1427	36	728292672
1	1429	37	728292672
1	1430	37	728292672
1	1432	37	728292672
1	1434	37	728292672
1	1444	37	728292672
1	1446	37	728292672
1	1447	37	728292672
1	1449	37	728292672
1	1451	37	728292672
1	1465	37	728292672
1	1466	38	728292672
1	1468	38	728292672
1	1480	38	728292672
1	1481	38	728292672
1	1483	38	728292672
1	1484	38	728292672
1	1486	38	728292672
1	1488	38	728292672
1	1490	38	728292672
1	1491	38	728292672
1	1493	39	728292672
1	1495	39	728292672
1	1504	39	728292672
1	1506	39	728292672
1	1507	39	728292672
1	1509	39	728292672
1	1511	39	728292672
1	1521	39	728292672
1	1522	39	728292672
1	1524	39	728292672
1	1532	40	728292672
1	1534	40	728292672
1	1536	40	728292672
1	1544	40	728292672
1	1546	40	728292672
1	1547	40	728292672
1	1554	40	728292672
1	1556	40	728292672
1	1557	40	728292672
1	1559	40	728292672
1	1561	41	728292672
1	1562	41	728292672
1	1571	41	728292672
1	1572	41	728292672
1	1574	41	728292672
1	1575	41	728292672
1	1577	41	728292672
1	1578	41	728292672
1	1596	41	728292672
1	1598	41	728292672
1	1599	42	728292672
1	1601	42	728292672
1	1610	42	728292672
1	1611	42	728292672
1	1615	42	728292672
1	1626	42	728292672
1	1629	42	728292672
1	1630	42	728292672
1	1638	42	728292672
1	1640	42	728292672
1	1642	43	728292672
1	1664	43	728292672
1	1668	43	728292672
1	1673	43	728292672
1	1675	43	728292672
1	1681	43	728292672
1	1695	43	728292672
1	1708	43	728292672
1	1714	43	728292672
1	1720	43	728292672
1	1732	44	728292672
1	1736	44	728292672
1	1738	44	728292672
1	1743	44	728292672
1	1744	44	728292672
1	1746	44	728292672
1	1759	44	728292672
1	1762	44	728292672
1	1768	44	728292672
1	1772	44	728292672
1	1781	45	728292672
1	1782	45	728292672
1	1786	45	728292672
1	1793	45	728292672
1	1795	45	728292672
1	1801	45	728292672
1	1812	45	728292672
1	1813	45	728292672
1	1835	45	728292672
1	1840	45	728292672
1	1842	46	728292672
1	1858	46	728292672
1	1859	46	728292672
1	1877	46	728292672
1	1884	46	728292672
1	1895	46	728292672
1	1905	46	728292672
1	1921	46	728292672
1	1923	46	728292672
1	1927	46	728292672
1	1933	47	728292672
1	1941	47	728292672
1	1943	47	728292672
1	1951	47	728292672
1	1961	47	728292672
1	1970	47	728292672
1	1984	47	728292672
1	1989	47	728292672
1	1991	47	728292672
1	2001	47	728292672
1	2006	48	728292672
1	2012	48	728292672
1	2023	48	728292672
1	2025	48	728292672
1	2027	48	728292672
1	2043	48	728292672
1	2056	48	728292672
1	2057	48	728292672
1	2059	48	728292672
1	2073	48	728292672
1	2075	49	728292672
1	2083	49	728292672
1	2096	49	728292672
1	2105	49	728292672
1	2106	49	728292672
1	2120	49	728292672
1	2129	49	728292672
1	2138	49	728292672
1	2140	49	728292672
1	2142	49	728292672
1	2162	50	728292672
1	2166	50	728292672
1	2178	50	728292672
1	2182	50	728292672
1	2195	50	728292672
1	2196	50	728292672
1	2197	50	728292672
1	2199	50	728292672
1	2228	50	728292672
1	2230	50	728292672
1	2231	51	728292672
1	2250	51	728292672
1	2263	51	728292672
1	2277	51	728292672
1	2283	51	728292672
1	2293	51	728292672
1	2294	51	728292672
1	2313	51	728292672
1	2318	51	728292672
1	2327	51	728292672
1	2339	52	728292672
1	2351	52	728292672
1	2359	52	728292672
1	2363	52	728292672
1	2368	52	728292672
1	2374	52	728292672
1	2384	52	728292672
1	2393	52	728292672
1	2405	52	728292672
1	2406	52	728292672
1	2414	53	728292672
1	2422	53	728292672
1	2430	53	728292672
1	2431	53	728292672
1	2441	53	728292672
1	2450	53	728292672
1	2464	53	728292672
1	2473	53	728292672
1	2474	53	728292672
1	2487	53	728292672
1	2494	54	728292672
1	2497	54	728292672
1	2501	54	728292672
1	2502	54	728292672
1	2504	54	728292672
1	2518	54	728292672
1	2519	54	728292672
1	2527	54	728292672
1	2539	54	728292672
1	2541	54	728292672
1	2543	55	728292672
1	2565	55	728292672
1	2566	55	728292672
1	2568	55	728292672
1	2570	55	728292672
1	2584	55	728292672
1	2585	55	728292672
1	2587	55	728292672
1	2596	55	728292672
1	2597	55	728292672
1	2599	56	728292672
1	2600	56	728292672
1	2602	56	728292672
1	2612	56	728292672
1	2613	56	728292672
1	2615	56	728292672
1	2617	56	728292672
1	2619	56	728292672
1	2633	56	728292672
1	2634	56	728292672
1	2636	57	728292672
1	2637	57	728292672
1	2643	57	728292672
1	2645	57	728292672
1	2646	57	728292672
1	2648	57	728292672
1	2649	57	728292672
1	2651	57	728292672
1	2661	57	728292672
1	2663	57	728292672
1	2680	58	728292672
1	2682	58	728292672
1	2692	58	728292672
1	2693	58	728292672
1	2695	58	728292672
1	2707	58	728292672
1	2709	58	728292672
1	2710	58	728292672
1	2728	58	728292672
1	2729	58	728292672
1	2730	59	728292672
1	2751	59	728292672
1	2753	59	728292672
1	2754	59	728292672
1	2763	59	728292672
1	2770	59	728292672
1	2776	59	728292672
1	2789	59	728292672
1	2796	59	728292672
1	2798	59	728292672
1	2805	60	728292672
1	2816	60	728292672
1	2821	60	728292672
1	2828	60	728292672
1	2830	60	728292672
1	2839	60	728292672
1	2843	60	728292672
1	2845	60	728292672
1	2847	60	728292672
1	2873	60	728292672
1	2876	61	728292672
1	2878	61	728292672
1	2879	61	728292672
1	2882	61	728292672
1	2884	61	728292672
1	2885	61	728292672
1	2896	61	728292672
1	2899	61	728292672
1	2900	61	728292672
1	2902	61	728292672
1	2911	62	728292672
1	2913	62	728292672
1	2914	62	728292672
1	2920	62	728292672
1	2922	62	728292672
1	2932	62	728292672
1	2933	62	728292672
1	2935	62	728292672
1	2951	62	728292672
1	2961	62	728292672
1	2963	63	728292672
1	2974	63	728292672
1	2981	63	728292672
1	2983	63	728292672
1	2985	63	728292672
1	2986	63	728292672
1	3000	63	728292672
1	3001	63	728292672
1	3003	63	728292672
1	3004	63	728292672
1	3006	64	728292672
1	3008	64	728292672
1	3010	64	728292672
1	3012	64	728292672
1	3013	64	728292672
1	3015	64	728292672
1	3026	64	728292672
1	3028	64	728292672
1	3029	64	728292672
1	3040	64	728292672
1	3042	65	728292672
1	3043	65	728292672
1	3045	65	728292672
1	3055	65	728292672
1	3058	65	728292672
1	3059	65	728292672
1	3061	65	728292672
1	3063	65	728292672
1	3073	65	728292672
1	3075	65	728292672
1	3077	66	728292672
1	3078	66	728292672
1	3088	66	728292672
1	3098	66	728292672
1	3102	66	728292672
1	3107	66	728292672
1	3114	66	728292672
1	3116	66	728292672
1	3117	66	728292672
1	3119	66	728292672
1	3130	67	728292672
1	3131	67	728292672
1	3133	67	728292672
1	3135	67	728292672
1	3145	67	728292672
1	3147	67	728292672
1	3149	67	728292672
1	3150	67	728292672
1	3155	67	728292672
1	3157	67	728292672
1	3164	68	728292672
1	3171	68	728292672
1	3180	68	728292672
1	3182	68	728292672
1	3183	68	728292672
1	3185	68	728292672
1	3200	68	728292672
1	3203	68	728292672
1	3205	68	728292672
1	3214	68	728292672
1	3217	69	728292672
1	3226	69	728292672
1	3231	69	728292672
1	3234	69	728292672
1	3237	69	728292672
1	3248	69	728292672
1	3252	69	728292672
1	3255	69	728292672
1	3268	69	728292672
1	3270	69	728292672
1	3277	70	728292672
1	3283	70	728292672
1	3286	70	728292672
1	3288	70	728292672
1	3298	70	728292672
1	3301	70	728292672
1	3304	70	728292672
1	3305	70	728292672
1	3317	70	728292672
1	3320	70	728292672
1	3321	71	728292672
1	3329	71	728292672
1	3330	71	728292672
1	3343	71	728292672
1	3344	71	728292672
1	3346	71	728292672
1	3360	71	728292672
1	3361	71	728292672
1	3363	71	728292672
1	3376	71	728292672
1	3378	72	728292672
1	3380	72	728292672
1	3393	72	728292672
1	3395	72	728292672
1	3396	72	728292672
1	3407	72	728292672
1	3410	72	728292672
1	3411	72	728292672
1	3413	72	728292672
1	3416	72	728292672
1	3417	73	728292672
1	3426	73	728292672
1	3428	73	728292672
1	3429	73	728292672
1	3435	73	728292672
1	3437	73	728292672
1	3439	73	728292672
1	3448	73	728292672
1	3450	73	728292672
1	3458	73	728292672
1	3461	74	728292672
1	3463	74	728292672
1	3464	74	728292672
1	3466	74	728292672
1	3473	74	728292672
1	3480	74	728292672
1	3482	74	728292672
1	3488	74	728292672
1	3490	74	728292672
1	3494	74	728292672
1	3497	75	728292672
1	3501	75	728292672
1	3502	75	728292672
1	3512	75	728292672
1	3520	75	728292672
1	3522	75	728292672
1	3528	75	728292672
1	3536	75	728292672
1	3538	75	728292672
1	3539	75	728292672
1	3549	76	728292672
1	3551	76	728292672
1	3557	76	728292672
1	3563	76	728292672
1	3568	76	728292672
1	3572	76	728292672
1	3580	76	728292672
1	3584	76	728292672
1	3589	76	728292672
1	3595	76	728292672
1	3597	77	728292672
1	3598	77	728292672
1	3607	77	728292672
1	3615	77	728292672
1	3617	77	728292672
1	3619	77	728292672
1	3620	77	728292672
1	3622	77	728292672
1	3632	77	728292672
1	3640	77	728292672
1	3642	78	728292672
1	3646	78	728292672
1	3647	78	728292672
1	3656	78	728292672
1	3658	78	728292672
1	3661	78	728292672
1	3663	78	728292672
1	3664	78	728292672
1	3666	78	728292672
1	3668	78	728292672
1	3670	79	728292672
1	3687	79	728292672
1	3689	79	728292672
1	3691	79	728292672
1	3693	79	728292672
1	3703	79	728292672
1	3705	79	728292672
1	3707	79	728292672
1	3708	79	728292672
1	3712	79	728292672
1	3713	80	728292672
1	3720	80	728292672
1	3722	80	728292672
1	3725	80	728292672
1	3729	80	728292672
1	3730	80	728292672
1	3732	80	728292672
1	3734	80	728292672
1	3748	80	728292672
1	3749	80	728292672
1	3751	81	728292672
1	3753	81	728292672
1	3755	81	728292672
1	3772	81	728292672
1	3774	81	728292672
1	3776	81	728292672
1	3779	81	728292672
1	3781	81	728292672
1	3782	81	728292672
1	3784	81	728292672
1	3786	82	728292672
1	3787	82	728292672
1	3805	82	728292672
1	3807	82	728292672
1	3812	82	728292672
1	3813	82	728292672
1	3816	82	728292672
1	3820	82	728292672
1	3823	82	728292672
1	3832	82	728292672
1	3834	83	728292672
1	3835	83	728292672
1	3837	83	728292672
1	3839	83	728292672
1	3851	83	728292672
1	3858	83	728292672
1	3862	83	728292672
1	3864	83	728292672
1	3865	83	728292672
1	3867	83	728292672
1	3875	84	728292672
1	3879	84	728292672
1	3880	84	728292672
1	3882	84	728292672
1	3884	84	728292672
1	3886	84	728292672
1	3903	84	728292672
1	3905	84	728292672
1	3907	84	728292672
1	3909	84	728292672
1	3913	85	728292672
1	3915	85	728292672
1	3917	85	728292672
1	3918	85	728292672
1	3940	85	728292672
1	3944	85	728292672
1	3947	85	728292672
1	3949	85	728292672
1	3950	85	728292672
1	3952	85	728292672
1	3954	86	728292672
1	3965	86	728292672
1	3967	86	728292672
1	3972	86	728292672
1	3974	86	728292672
1	3980	86	728292672
1	3984	86	728292672
1	3986	86	728292672
1	3988	86	728292672
1	3989	86	728292672
1	4004	87	728292672
1	4006	87	728292672
1	4009	87	728292672
1	4019	87	728292672
1	4021	87	728292672
1	4023	87	728292672
1	4025	87	728292672
1	4029	87	728292672
1	4039	87	728292672
1	4041	87	728292672
1	4045	88	728292672
1	4046	88	728292672
1	4048	88	728292672
1	4050	88	728292672
1	4052	88	728292672
1	4053	88	728292672
1	4055	88	728292672
1	4072	88	728292672
1	4075	88	728292672
1	4078	88	728292672
1	4080	89	728292672
1	4082	89	728292672
1	4083	89	728292672
1	4085	89	728292672
1	4087	89	728292672
1	4099	89	728292672
1	4101	89	728292672
1	4103	89	728292672
1	4104	89	728292672
1	4106	89	728292672
1	4125	90	728292672
1	4126	90	728292672
1	4129	90	728292672
1	4140	90	728292672
1	4142	90	728292672
1	4144	90	728292672
1	4146	90	728292672
1	4148	90	728292672
1	4149	90	728292672
1	4151	90	728292672
1	4162	91	728292672
1	4166	91	728292672
1	4169	91	728292672
1	4171	91	728292672
1	4180	91	728292672
1	4182	91	728292672
1	4183	91	728292672
1	4185	91	728292672
1	4186	91	728292672
1	4191	91	728292672
1	4196	92	728292672
1	4198	92	728292672
1	4199	92	728292672
1	4207	92	728292672
1	4208	92	728292672
1	4210	92	728292672
1	4212	92	728292672
1	4213	92	728292672
1	4215	92	728292672
1	4217	92	728292672
1	4218	93	728292672
1	4239	93	728292672
1	4241	93	728292672
1	4242	93	728292672
1	4249	93	728292672
1	4251	93	728292672
1	4253	93	728292672
1	4254	93	728292672
1	4264	93	728292672
1	4265	93	728292672
1	4267	94	728292672
1	4268	94	728292672
1	4270	94	728292672
1	4272	94	728292672
1	4273	94	728292672
1	4275	94	728292672
1	4276	94	728292672
1	4278	94	728292672
1	4279	94	728292672
1	4281	94	728292672
1	4282	95	728292672
1	4284	95	728292672
1	4286	95	728292672
1	4287	95	728292672
1	4289	95	728292672
1	4290	95	728292672
1	4292	95	728292672
1	4294	95	728292672
1	4295	95	728292672
1	4297	95	728292672
1	4299	96	728292672
1	4300	96	728292672
1	4302	96	728292672
1	4304	96	728292672
1	4306	96	728292672
1	4307	96	728292672
1	4310	96	728292672
1	4313	96	728292672
1	4316	96	728292672
1	4318	96	728292672
1	4320	97	728292672
1	4322	97	728292672
1	4323	97	728292672
1	4325	97	728292672
1	4327	97	728292672
1	4329	97	728292672
1	4331	97	728292672
1	4333	97	728292672
1	4335	97	728292672
1	4337	97	728292672
1	4339	98	728292672
1	4340	98	728292672
1	4342	98	728292672
1	4344	98	728292672
1	4345	98	728292672
1	4347	98	728292672
1	4349	98	728292672
1	4350	98	728292672
1	4352	98	728292672
1	4354	98	728292672
1	4356	99	728292672
1	4357	99	728292672
1	4359	99	728292672
1	4361	99	728292672
1	4362	99	728292672
1	4364	99	728292672
1	4366	99	728292672
1	4368	99	728292672
1	4369	99	728292672
1	4371	99	728292672
1	4373	100	728292672
estimating workload which takes just one millsecond
end estimation
