estimating workload which takes just one millsecond
end estimation
1	1	1	864819467
1	3	2	864819467
1	4	3	864819467
1	6	4	864819467
1	15	5	864819467
1	17	6	864819467
1	19	7	864819467
1	20	8	864819467
1	22	9	864819467
1	31	10	864819467
1	33	11	864819467
1	35	12	864819467
1	36	13	864819467
1	38	14	864819467
1	47	15	864819467
1	49	16	864819467
1	51	17	864819467
1	53	18	864819467
1	64	19	864819467
1	65	20	864819467
1	67	21	864819467
1	68	22	864819467
1	70	23	864819467
1	80	24	864819467
1	81	25	864819467
1	83	26	864819467
1	84	27	864819467
1	86	28	864819467
1	95	29	864819467
1	97	30	864819467
1	99	31	864819467
1	100	32	864819467
1	102	33	864819467
1	112	34	864819467
1	113	35	864819467
1	115	36	864819467
1	116	37	864819467
1	118	38	864819467
1	127	39	864819467
1	129	40	864819467
1	130	41	864819467
1	132	42	864819467
1	133	43	864819467
1	143	44	864819467
1	145	45	864819467
1	147	46	864819467
1	148	47	864819467
1	150	48	864819467
1	159	49	864819467
1	161	50	864819467
1	163	51	864819467
1	164	52	864819467
1	166	53	864819467
1	176	54	864819467
1	177	55	864819467
1	179	56	864819467
1	181	57	864819467
1	182	58	864819467
1	192	59	864819467
1	194	60	864819467
1	195	61	864819467
1	197	62	864819467
1	199	63	864819467
1	208	64	864819467
1	210	65	864819467
1	212	66	864819467
1	214	67	864819467
1	223	68	864819467
1	225	69	864819467
1	226	70	864819467
1	228	71	864819467
1	229	72	864819467
1	231	73	864819467
1	240	74	864819467
1	242	75	864819467
1	243	76	864819467
1	245	77	864819467
1	246	78	864819467
1	256	79	864819467
1	257	80	864819467
1	259	81	864819467
1	261	82	864819467
1	263	83	864819467
1	272	84	864819467
1	274	85	864819467
1	276	86	864819467
1	278	87	864819467
1	279	88	864819467
1	281	89	864819467
1	282	90	864819467
1	292	91	864819467
1	294	92	864819467
1	295	93	864819467
1	303	94	864819467
1	305	95	864819467
1	307	96	864819467
1	308	97	864819467
1	310	98	864819467
1	319	99	864819467
1	321	100	864819467
estimating workload which takes just one millsecond
end estimation
0	8	1	864819467
0	10	2	864819467
0	12	3	864819467
0	13	4	864819467
0	23	5	864819467
0	25	6	864819467
0	27	7	864819467
0	28	8	864819467
0	30	9	864819467
0	39	10	864819467
0	41	11	864819467
0	42	12	864819467
0	44	13	864819467
0	46	14	864819467
0	54	15	864819467
0	55	16	864819467
0	57	17	864819467
0	59	18	864819467
0	61	19	864819467
0	62	20	864819467
0	72	21	864819467
0	73	22	864819467
0	75	23	864819467
0	77	24	864819467
0	78	25	864819467
0	88	26	864819467
0	90	27	864819467
0	92	28	864819467
0	93	29	864819467
0	103	30	864819467
0	104	31	864819467
0	106	32	864819467
0	107	33	864819467
0	109	34	864819467
0	111	35	864819467
0	120	36	864819467
0	122	37	864819467
0	124	38	864819467
0	125	39	864819467
0	127	40	864819467
0	136	41	864819467
0	138	42	864819467
0	139	43	864819467
0	141	44	864819467
0	151	45	864819467
0	153	46	864819467
0	154	47	864819467
0	156	48	864819467
0	158	49	864819467
0	167	50	864819467
0	169	51	864819467
0	170	52	864819467
0	172	53	864819467
0	174	54	864819467
0	183	55	864819467
0	185	56	864819467
0	187	57	864819467
0	188	58	864819467
0	190	59	864819467
0	200	60	864819467
0	201	61	864819467
0	203	62	864819467
0	204	63	864819467
0	206	64	864819467
0	216	65	864819467
0	217	66	864819467
0	219	67	864819467
0	221	68	864819467
0	222	69	864819467
0	232	70	864819467
0	234	71	864819467
0	235	72	864819467
0	237	73	864819467
0	239	74	864819467
0	248	75	864819467
0	250	76	864819467
0	252	77	864819467
0	253	78	864819467
0	255	79	864819467
0	264	80	864819467
0	266	81	864819467
0	268	82	864819467
0	269	83	864819467
0	283	84	864819467
0	285	85	864819467
0	287	86	864819467
0	288	87	864819467
0	290	88	864819467
0	297	89	864819467
0	299	90	864819467
0	300	91	864819467
0	302	92	864819467
0	312	93	864819467
0	314	94	864819467
0	316	95	864819467
0	317	96	864819467
0	322	97	864819467
0	324	98	864819467
0	325	99	864819467
0	327	100	864819467
estimating workload which takes just one millsecond
end estimation
