estimating workload which takes just one millsecond
end estimation
3	2	1	758209116
3	3	2	758209116
3	5	3	758209116
3	26	4	758209116
3	28	5	758209116
3	42	6	758209116
3	44	7	758209116
3	45	8	758209116
3	59	9	758209116
3	60	10	758209116
3	74	11	758209116
3	76	12	758209116
3	77	13	758209116
3	91	14	758209116
3	92	15	758209116
3	102	16	758209116
3	104	17	758209116
3	118	18	758209116
3	120	19	758209116
3	121	20	758209116
3	135	21	758209116
3	136	22	758209116
3	150	23	758209116
3	152	24	758209116
3	163	25	758209116
3	164	26	758209116
3	166	27	758209116
3	168	28	758209116
3	190	29	758209116
3	191	30	758209116
3	193	31	758209116
3	207	32	758209116
3	208	33	758209116
3	222	34	758209116
3	223	35	758209116
3	225	36	758209116
3	238	37	758209116
3	240	38	758209116
3	254	39	758209116
3	255	40	758209116
3	257	41	758209116
3	270	42	758209116
3	272	43	758209116
3	286	44	758209116
3	287	45	758209116
3	289	46	758209116
3	298	47	758209116
3	300	48	758209116
3	313	49	758209116
3	315	50	758209116
3	317	51	758209116
3	331	52	758209116
3	332	53	758209116
3	346	54	758209116
3	347	55	758209116
3	349	56	758209116
3	367	57	758209116
3	368	58	758209116
3	382	59	758209116
3	384	60	758209116
3	398	61	758209116
3	399	62	758209116
3	401	63	758209116
3	415	64	758209116
3	416	65	758209116
3	430	66	758209116
3	432	67	758209116
3	445	68	758209116
3	447	69	758209116
3	449	70	758209116
3	462	71	758209116
3	464	72	758209116
3	478	73	758209116
3	479	74	758209116
3	481	75	758209116
3	494	76	758209116
3	496	77	758209116
3	510	78	758209116
3	511	79	758209116
3	522	80	758209116
3	524	81	758209116
3	538	82	758209116
3	539	83	758209116
3	541	84	758209116
3	555	85	758209116
3	557	86	758209116
3	574	87	758209116
3	576	88	758209116
3	590	89	758209116
3	591	90	758209116
3	593	91	758209116
3	603	92	758209116
3	605	93	758209116
3	615	94	758209116
3	616	95	758209116
3	630	96	758209116
3	632	97	758209116
3	646	98	758209116
3	647	99	758209116
3	649	100	758209116
estimating workload which takes just one millsecond
end estimation
2	7	1	758209116
2	8	2	758209116
2	18	3	758209116
2	20	4	758209116
2	33	5	758209116
2	35	6	758209116
2	36	7	758209116
2	50	8	758209116
2	52	9	758209116
2	66	10	758209116
2	67	11	758209116
2	69	12	758209116
2	83	13	758209116
2	84	14	758209116
2	98	15	758209116
2	100	16	758209116
2	101	17	758209116
2	115	18	758209116
2	116	19	758209116
2	130	20	758209116
2	131	21	758209116
2	133	22	758209116
2	146	23	758209116
2	148	24	758209116
2	161	25	758209116
2	173	26	758209116
2	175	27	758209116
2	177	28	758209116
2	186	29	758209116
2	188	30	758209116
2	202	31	758209116
2	203	32	758209116
2	205	33	758209116
2	215	34	758209116
2	217	35	758209116
2	231	36	758209116
2	232	37	758209116
2	246	38	758209116
2	248	39	758209116
2	261	40	758209116
2	263	41	758209116
2	265	42	758209116
2	279	43	758209116
2	290	44	758209116
2	292	45	758209116
2	302	46	758209116
2	303	47	758209116
2	305	48	758209116
2	319	49	758209116
2	320	50	758209116
2	334	51	758209116
2	336	52	758209116
2	350	53	758209116
2	352	54	758209116
2	362	55	758209116
2	364	56	758209116
2	377	57	758209116
2	379	58	758209116
2	380	59	758209116
2	394	60	758209116
2	395	61	758209116
2	397	62	758209116
2	411	63	758209116
2	412	64	758209116
2	426	65	758209116
2	427	66	758209116
2	429	67	758209116
2	443	68	758209116
2	445	69	758209116
2	458	70	758209116
2	460	71	758209116
2	474	72	758209116
2	476	73	758209116
2	477	74	758209116
2	491	75	758209116
2	492	76	758209116
2	506	77	758209116
2	508	78	758209116
2	525	79	758209116
2	527	80	758209116
2	529	81	758209116
2	543	82	758209116
2	544	83	758209116
2	558	84	758209116
2	560	85	758209116
2	570	86	758209116
2	572	87	758209116
2	586	88	758209116
2	587	89	758209116
2	589	90	758209116
2	606	91	758209116
2	607	92	758209116
2	609	93	758209116
2	623	94	758209116
2	624	95	758209116
2	638	96	758209116
2	640	97	758209116
2	654	98	758209116
2	655	99	758209116
2	657	100	758209116
estimating workload which takes just one millsecond
end estimation
1	11	1	758209116
1	12	2	758209116
1	22	3	758209116
1	24	4	758209116
1	38	5	758209116
1	39	6	758209116
1	41	7	758209116
1	55	8	758209116
1	56	9	758209116
1	70	10	758209116
1	72	11	758209116
1	86	12	758209116
1	87	13	758209116
1	89	14	758209116
1	106	15	758209116
1	108	16	758209116
1	122	17	758209116
1	123	18	758209116
1	125	19	758209116
1	139	20	758209116
1	140	21	758209116
1	154	22	758209116
1	155	23	758209116
1	157	24	758209116
1	171	25	758209116
1	173	26	758209116
1	182	27	758209116
1	184	28	758209116
1	185	29	758209116
1	199	30	758209116
1	200	31	758209116
1	217	32	758209116
1	219	33	758209116
1	221	34	758209116
1	234	35	758209116
1	236	36	758209116
1	250	37	758209116
1	252	38	758209116
1	266	39	758209116
1	267	40	758209116
1	269	41	758209116
1	280	42	758209116
1	282	43	758209116
1	283	44	758209116
1	285	45	758209116
1	311	46	758209116
1	312	47	758209116
1	326	48	758209116
1	327	49	758209116
1	329	50	758209116
1	343	51	758209116
1	345	52	758209116
1	358	53	758209116
1	360	54	758209116
1	374	55	758209116
1	376	56	758209116
1	385	57	758209116
1	387	58	758209116
1	389	59	758209116
1	406	60	758209116
1	408	61	758209116
1	422	62	758209116
1	424	63	758209116
1	425	64	758209116
1	439	65	758209116
1	441	66	758209116
1	454	67	758209116
1	456	68	758209116
1	470	69	758209116
1	472	70	758209116
1	485	71	758209116
1	487	72	758209116
1	489	73	758209116
1	503	74	758209116
1	505	75	758209116
1	518	76	758209116
1	520	77	758209116
1	521	78	758209116
1	531	79	758209116
1	532	80	758209116
1	546	81	758209116
1	547	82	758209116
1	549	83	758209116
1	563	84	758209116
1	564	85	758209116
1	578	86	758209116
1	579	87	758209116
1	581	88	758209116
1	594	89	758209116
1	596	90	758209116
1	610	91	758209116
1	611	92	758209116
1	613	93	758209116
1	627	94	758209116
1	629	95	758209116
1	642	96	758209116
1	644	97	758209116
1	657	98	758209116
1	659	99	758209116
1	660	100	758209116
estimating workload which takes just one millsecond
end estimation
0	15	1	758209116
0	17	2	758209116
0	30	3	758209116
0	32	4	758209116
0	45	5	758209116
0	47	6	758209116
0	49	7	758209116
0	62	8	758209116
0	64	9	758209116
0	78	10	758209116
0	79	11	758209116
0	81	12	758209116
0	95	13	758209116
0	96	14	758209116
0	110	15	758209116
0	112	16	758209116
0	126	17	758209116
0	127	18	758209116
0	129	19	758209116
0	143	20	758209116
0	144	21	758209116
0	158	22	758209116
0	160	23	758209116
0	177	24	758209116
0	179	25	758209116
0	180	26	758209116
0	194	27	758209116
0	196	28	758209116
0	210	29	758209116
0	211	30	758209116
0	213	31	758209116
0	226	32	758209116
0	228	33	758209116
0	242	34	758209116
0	244	35	758209116
0	245	36	758209116
0	259	37	758209116
0	260	38	758209116
0	274	39	758209116
0	275	40	758209116
0	277	41	758209116
0	295	42	758209116
0	296	43	758209116
0	306	44	758209116
0	307	45	758209116
0	309	46	758209116
0	322	47	758209116
0	324	48	758209116
0	338	49	758209116
0	340	50	758209116
0	341	51	758209116
0	353	52	758209116
0	355	53	758209116
0	357	54	758209116
0	371	55	758209116
0	372	56	758209116
0	390	57	758209116
0	392	58	758209116
0	402	59	758209116
0	403	60	758209116
0	405	61	758209116
0	418	62	758209116
0	420	63	758209116
0	434	64	758209116
0	435	65	758209116
0	437	66	758209116
0	450	67	758209116
0	452	68	758209116
0	466	69	758209116
0	468	70	758209116
0	481	71	758209116
0	483	72	758209116
0	485	73	758209116
0	498	74	758209116
0	500	75	758209116
0	512	76	758209116
0	514	77	758209116
0	516	78	758209116
0	534	79	758209116
0	535	80	758209116
0	537	81	758209116
0	551	82	758209116
0	552	83	758209116
0	566	84	758209116
0	568	85	758209116
0	569	86	758209116
0	583	87	758209116
0	584	88	758209116
0	598	89	758209116
0	600	90	758209116
0	618	91	758209116
0	619	92	758209116
0	621	93	758209116
0	635	94	758209116
0	637	95	758209116
0	650	96	758209116
0	651	97	758209116
0	653	98	758209116
0	661	99	758209116
0	663	100	758209116
estimating workload which takes just one millsecond
end estimation
