estimating workload which takes just one millsecond
end estimation
1	1	1	632483659
1	3	2	632483659
1	4	3	632483659
1	6	4	632483659
1	16	5	632483659
1	17	6	632483659
1	18	7	632483659
1	20	8	632483659
1	22	9	632483659
1	31	10	632483659
1	33	11	632483659
1	35	12	632483659
1	36	13	632483659
1	38	14	632483659
1	48	15	632483659
1	49	16	632483659
1	51	17	632483659
1	52	18	632483659
1	54	19	632483659
1	64	20	632483659
1	66	21	632483659
1	67	22	632483659
1	69	23	632483659
1	71	24	632483659
1	80	25	632483659
1	82	26	632483659
1	84	27	632483659
1	85	28	632483659
1	95	29	632483659
1	97	30	632483659
1	98	31	632483659
1	100	32	632483659
1	102	33	632483659
1	111	34	632483659
1	113	35	632483659
1	115	36	632483659
1	116	37	632483659
1	118	38	632483659
1	128	39	632483659
1	129	40	632483659
1	131	41	632483659
1	133	42	632483659
1	135	43	632483659
1	144	44	632483659
1	146	45	632483659
1	148	46	632483659
1	150	47	632483659
1	159	48	632483659
1	161	49	632483659
1	163	50	632483659
1	165	51	632483659
1	166	52	632483659
1	176	53	632483659
1	177	54	632483659
1	179	55	632483659
1	181	56	632483659
1	183	57	632483659
1	192	58	632483659
1	194	59	632483659
1	196	60	632483659
1	197	61	632483659
1	199	62	632483659
1	208	63	632483659
1	210	64	632483659
1	212	65	632483659
1	214	66	632483659
1	223	67	632483659
1	225	68	632483659
1	227	69	632483659
1	229	70	632483659
1	231	71	632483659
1	240	72	632483659
1	242	73	632483659
1	244	74	632483659
1	246	75	632483659
1	260	76	632483659
1	261	77	632483659
1	263	78	632483659
1	265	79	632483659
1	266	80	632483659
1	276	81	632483659
1	278	82	632483659
1	279	83	632483659
1	281	84	632483659
1	282	85	632483659
1	292	86	632483659
1	294	87	632483659
1	295	88	632483659
1	297	89	632483659
1	299	90	632483659
1	308	91	632483659
1	310	92	632483659
1	311	93	632483659
1	313	94	632483659
1	314	95	632483659
1	324	96	632483659
1	326	97	632483659
1	328	98	632483659
1	330	99	632483659
1	331	100	632483659
estimating workload which takes just one millsecond
end estimation
0	9	1	632483659
0	11	2	632483659
0	12	3	632483659
0	14	4	632483659
0	24	5	632483659
0	25	6	632483659
0	27	7	632483659
0	28	8	632483659
0	30	9	632483659
0	40	10	632483659
0	41	11	632483659
0	43	12	632483659
0	44	13	632483659
0	46	14	632483659
0	56	15	632483659
0	58	16	632483659
0	59	17	632483659
0	61	18	632483659
0	63	19	632483659
0	72	20	632483659
0	74	21	632483659
0	76	22	632483659
0	77	23	632483659
0	79	24	632483659
0	89	25	632483659
0	90	26	632483659
0	92	27	632483659
0	93	28	632483659
0	103	29	632483659
0	105	30	632483659
0	106	31	632483659
0	108	32	632483659
0	110	33	632483659
0	120	34	632483659
0	121	35	632483659
0	122	36	632483659
0	124	37	632483659
0	126	38	632483659
0	135	39	632483659
0	137	40	632483659
0	139	41	632483659
0	140	42	632483659
0	142	43	632483659
0	152	44	632483659
0	153	45	632483659
0	155	46	632483659
0	157	47	632483659
0	158	48	632483659
0	168	49	632483659
0	170	50	632483659
0	171	51	632483659
0	173	52	632483659
0	175	53	632483659
0	184	54	632483659
0	186	55	632483659
0	188	56	632483659
0	189	57	632483659
0	191	58	632483659
0	201	59	632483659
0	203	60	632483659
0	204	61	632483659
0	206	62	632483659
0	216	63	632483659
0	217	64	632483659
0	219	65	632483659
0	220	66	632483659
0	222	67	632483659
0	232	68	632483659
0	233	69	632483659
0	235	70	632483659
0	237	71	632483659
0	238	72	632483659
0	248	73	632483659
0	249	74	632483659
0	251	75	632483659
0	253	76	632483659
0	254	77	632483659
0	256	78	632483659
0	257	79	632483659
0	267	80	632483659
0	269	81	632483659
0	270	82	632483659
0	272	83	632483659
0	274	84	632483659
0	284	85	632483659
0	286	86	632483659
0	287	87	632483659
0	289	88	632483659
0	291	89	632483659
0	301	90	632483659
0	303	91	632483659
0	304	92	632483659
0	306	93	632483659
0	316	94	632483659
0	317	95	632483659
0	319	96	632483659
0	321	97	632483659
0	322	98	632483659
0	332	99	632483659
0	334	100	632483659
estimating workload which takes just one millsecond
end estimation
