estimating workload which takes just one millsecond
end estimation
0	1	1	773210827
0	3	2	773210827
0	4	3	773210827
0	6	4	773210827
0	7	5	773210827
0	9	6	773210827
0	10	7	773210827
0	12	8	773210827
0	13	9	773210827
0	15	10	773210827
0	17	11	773210827
0	18	12	773210827
0	19	13	773210827
0	21	14	773210827
0	22	15	773210827
0	24	16	773210827
0	26	17	773210827
0	27	18	773210827
0	28	19	773210827
0	30	20	773210827
0	31	21	773210827
0	33	22	773210827
0	34	23	773210827
0	36	24	773210827
0	37	25	773210827
0	39	26	773210827
0	40	27	773210827
0	42	28	773210827
0	43	29	773210827
0	45	30	773210827
0	46	31	773210827
0	47	32	773210827
0	49	33	773210827
0	50	34	773210827
0	51	35	773210827
0	53	36	773210827
0	55	37	773210827
0	56	38	773210827
0	58	39	773210827
0	59	40	773210827
0	60	41	773210827
0	62	42	773210827
0	63	43	773210827
0	65	44	773210827
0	66	45	773210827
0	67	46	773210827
0	69	47	773210827
0	70	48	773210827
0	72	49	773210827
0	73	50	773210827
0	75	51	773210827
0	77	52	773210827
0	78	53	773210827
0	80	54	773210827
0	81	55	773210827
0	83	56	773210827
0	84	57	773210827
0	86	58	773210827
0	87	59	773210827
0	89	60	773210827
0	90	61	773210827
0	92	62	773210827
0	93	63	773210827
0	94	64	773210827
0	96	65	773210827
0	98	66	773210827
0	99	67	773210827
0	101	68	773210827
0	102	69	773210827
0	104	70	773210827
0	106	71	773210827
0	107	72	773210827
0	108	73	773210827
0	110	74	773210827
0	111	75	773210827
0	113	76	773210827
0	114	77	773210827
0	116	78	773210827
0	117	79	773210827
0	119	80	773210827
0	120	81	773210827
0	122	82	773210827
0	123	83	773210827
0	125	84	773210827
0	126	85	773210827
0	128	86	773210827
0	129	87	773210827
0	130	88	773210827
0	132	89	773210827
0	134	90	773210827
0	135	91	773210827
0	137	92	773210827
0	138	93	773210827
0	140	94	773210827
0	141	95	773210827
0	143	96	773210827
0	144	97	773210827
0	146	98	773210827
0	147	99	773210827
0	149	100	773210827
estimating workload which takes just one millsecond
end estimation
