estimating workload which takes just one millsecond
end estimation
0	1	0	547234661
0	2	0	547234661
0	4	0	547234661
0	6	0	547234661
0	8	0	547234661
0	9	0	547234661
0	11	0	547234661
0	12	0	547234661
0	14	0	547234661
0	15	1	547234661
0	17	1	547234661
0	19	1	547234661
0	20	1	547234661
0	22	1	547234661
0	23	1	547234661
0	25	1	547234661
0	26	1	547234661
0	28	1	547234661
0	30	1	547234661
0	32	2	547234661
0	34	2	547234661
0	35	2	547234661
0	37	2	547234661
0	38	2	547234661
0	39	2	547234661
0	41	2	547234661
0	43	2	547234661
0	44	2	547234661
0	45	2	547234661
0	47	3	547234661
0	48	3	547234661
0	49	3	547234661
0	51	3	547234661
0	53	3	547234661
0	55	3	547234661
0	56	3	547234661
0	58	3	547234661
0	59	3	547234661
0	61	3	547234661
0	63	4	547234661
0	64	4	547234661
0	66	4	547234661
0	68	4	547234661
0	69	4	547234661
0	71	4	547234661
0	72	4	547234661
0	74	4	547234661
0	76	4	547234661
0	77	4	547234661
0	79	5	547234661
0	80	5	547234661
0	82	5	547234661
0	83	5	547234661
0	85	5	547234661
0	87	5	547234661
0	89	5	547234661
0	90	5	547234661
0	92	5	547234661
0	93	5	547234661
0	94	6	547234661
0	96	6	547234661
0	97	6	547234661
0	99	6	547234661
0	101	6	547234661
0	102	6	547234661
0	104	6	547234661
0	105	6	547234661
0	106	6	547234661
0	108	6	547234661
0	109	7	547234661
0	111	7	547234661
0	113	7	547234661
0	114	7	547234661
0	116	7	547234661
0	118	7	547234661
0	119	7	547234661
0	121	7	547234661
0	123	7	547234661
0	124	7	547234661
0	126	8	547234661
0	127	8	547234661
0	129	8	547234661
0	130	8	547234661
0	132	8	547234661
0	133	8	547234661
0	135	8	547234661
0	136	8	547234661
0	138	8	547234661
0	139	8	547234661
0	141	9	547234661
0	142	9	547234661
0	144	9	547234661
0	145	9	547234661
0	147	9	547234661
0	148	9	547234661
0	150	9	547234661
0	152	9	547234661
0	154	9	547234661
0	158	9	547234661
0	160	10	547234661
0	162	10	547234661
0	164	10	547234661
0	165	10	547234661
0	168	10	547234661
0	169	10	547234661
0	171	10	547234661
0	173	10	547234661
0	175	10	547234661
0	177	10	547234661
0	179	11	547234661
0	180	11	547234661
0	182	11	547234661
0	183	11	547234661
0	186	11	547234661
0	187	11	547234661
0	188	11	547234661
0	190	11	547234661
0	192	11	547234661
0	193	11	547234661
0	195	12	547234661
0	196	12	547234661
0	197	12	547234661
0	199	12	547234661
0	202	12	547234661
0	204	12	547234661
0	205	12	547234661
0	206	12	547234661
0	208	12	547234661
0	211	12	547234661
0	213	13	547234661
0	214	13	547234661
0	216	13	547234661
0	218	13	547234661
0	219	13	547234661
0	220	13	547234661
0	221	13	547234661
0	223	13	547234661
0	225	13	547234661
0	227	13	547234661
0	229	14	547234661
0	230	14	547234661
0	232	14	547234661
0	233	14	547234661
0	235	14	547234661
0	236	14	547234661
0	238	14	547234661
0	240	14	547234661
0	241	14	547234661
0	243	14	547234661
0	245	15	547234661
0	246	15	547234661
0	248	15	547234661
0	249	15	547234661
0	251	15	547234661
0	252	15	547234661
0	254	15	547234661
0	255	15	547234661
0	257	15	547234661
0	259	15	547234661
0	261	16	547234661
0	262	16	547234661
0	263	16	547234661
0	265	16	547234661
0	266	16	547234661
0	268	16	547234661
0	270	16	547234661
0	271	16	547234661
0	273	16	547234661
0	274	16	547234661
0	276	17	547234661
0	278	17	547234661
0	279	17	547234661
0	281	17	547234661
0	282	17	547234661
0	285	17	547234661
0	286	17	547234661
0	287	17	547234661
0	289	17	547234661
0	291	17	547234661
0	292	18	547234661
0	293	18	547234661
0	295	18	547234661
0	297	18	547234661
0	298	18	547234661
0	300	18	547234661
0	302	18	547234661
0	303	18	547234661
0	305	18	547234661
0	306	18	547234661
0	308	19	547234661
0	309	19	547234661
0	311	19	547234661
0	312	19	547234661
0	314	19	547234661
0	315	19	547234661
0	317	19	547234661
0	319	19	547234661
0	320	19	547234661
0	322	19	547234661
0	323	20	547234661
0	325	20	547234661
0	326	20	547234661
0	328	20	547234661
0	329	20	547234661
0	331	20	547234661
0	332	20	547234661
0	334	20	547234661
0	336	20	547234661
0	337	20	547234661
0	338	21	547234661
0	340	21	547234661
0	341	21	547234661
0	343	21	547234661
0	345	21	547234661
0	346	21	547234661
0	348	21	547234661
0	349	21	547234661
0	351	21	547234661
0	352	21	547234661
0	354	22	547234661
0	355	22	547234661
0	357	22	547234661
0	358	22	547234661
0	360	22	547234661
0	361	22	547234661
0	363	22	547234661
0	364	22	547234661
0	366	22	547234661
0	368	22	547234661
0	369	23	547234661
0	371	23	547234661
0	372	23	547234661
0	374	23	547234661
0	375	23	547234661
0	377	23	547234661
0	378	23	547234661
0	380	23	547234661
0	381	23	547234661
0	383	23	547234661
0	385	24	547234661
0	386	24	547234661
0	387	24	547234661
0	389	24	547234661
0	390	24	547234661
0	392	24	547234661
0	393	24	547234661
0	395	24	547234661
0	396	24	547234661
0	398	24	547234661
0	399	25	547234661
0	401	25	547234661
0	403	25	547234661
0	404	25	547234661
0	406	25	547234661
0	408	25	547234661
0	409	25	547234661
0	411	25	547234661
0	412	25	547234661
0	414	25	547234661
0	415	26	547234661
0	417	26	547234661
0	419	26	547234661
0	420	26	547234661
0	422	26	547234661
0	423	26	547234661
0	425	26	547234661
0	426	26	547234661
0	428	26	547234661
0	429	26	547234661
0	431	27	547234661
0	432	27	547234661
0	433	27	547234661
0	435	27	547234661
0	437	27	547234661
0	438	27	547234661
0	439	27	547234661
0	441	27	547234661
0	442	27	547234661
0	444	27	547234661
0	446	28	547234661
0	447	28	547234661
0	449	28	547234661
0	452	28	547234661
0	455	28	547234661
0	457	28	547234661
0	459	28	547234661
0	460	28	547234661
0	462	28	547234661
0	463	28	547234661
0	465	29	547234661
0	466	29	547234661
0	468	29	547234661
0	470	29	547234661
0	473	29	547234661
0	475	29	547234661
0	476	29	547234661
0	477	29	547234661
0	479	29	547234661
0	480	29	547234661
0	482	30	547234661
0	483	30	547234661
0	485	30	547234661
0	487	30	547234661
0	488	30	547234661
0	490	30	547234661
0	491	30	547234661
0	493	30	547234661
0	494	30	547234661
0	495	30	547234661
0	497	31	547234661
0	498	31	547234661
0	500	31	547234661
0	502	31	547234661
0	503	31	547234661
0	505	31	547234661
0	506	31	547234661
0	508	31	547234661
0	509	31	547234661
0	511	31	547234661
0	512	32	547234661
0	513	32	547234661
0	515	32	547234661
0	516	32	547234661
0	518	32	547234661
0	520	32	547234661
0	521	32	547234661
0	523	32	547234661
0	524	32	547234661
0	526	32	547234661
0	527	33	547234661
0	529	33	547234661
0	531	33	547234661
0	532	33	547234661
0	534	33	547234661
0	535	33	547234661
0	537	33	547234661
0	538	33	547234661
0	540	33	547234661
0	541	33	547234661
0	543	34	547234661
0	544	34	547234661
0	546	34	547234661
0	547	34	547234661
0	549	34	547234661
0	550	34	547234661
0	552	34	547234661
0	554	34	547234661
0	555	34	547234661
0	556	34	547234661
0	558	35	547234661
0	560	35	547234661
0	561	35	547234661
0	562	35	547234661
0	564	35	547234661
0	565	35	547234661
0	567	35	547234661
0	569	35	547234661
0	570	35	547234661
0	571	35	547234661
0	573	36	547234661
0	574	36	547234661
0	575	36	547234661
0	577	36	547234661
0	579	36	547234661
0	580	36	547234661
0	582	36	547234661
0	583	36	547234661
0	586	36	547234661
0	587	36	547234661
0	589	37	547234661
0	591	37	547234661
0	592	37	547234661
0	594	37	547234661
0	595	37	547234661
0	597	37	547234661
0	598	37	547234661
0	600	37	547234661
0	602	37	547234661
0	603	37	547234661
0	605	38	547234661
0	606	38	547234661
0	608	38	547234661
0	610	38	547234661
0	611	38	547234661
0	613	38	547234661
0	614	38	547234661
0	616	38	547234661
0	618	38	547234661
0	619	38	547234661
0	622	39	547234661
0	624	39	547234661
0	626	39	547234661
0	627	39	547234661
0	628	39	547234661
0	630	39	547234661
0	631	39	547234661
0	633	39	547234661
0	634	39	547234661
0	636	39	547234661
0	638	40	547234661
0	639	40	547234661
0	641	40	547234661
0	642	40	547234661
0	644	40	547234661
0	645	40	547234661
0	647	40	547234661
0	648	40	547234661
0	649	40	547234661
0	651	40	547234661
0	653	41	547234661
0	655	41	547234661
0	656	41	547234661
0	658	41	547234661
0	659	41	547234661
0	661	41	547234661
0	662	41	547234661
0	663	41	547234661
0	665	41	547234661
0	666	41	547234661
0	668	42	547234661
0	670	42	547234661
0	671	42	547234661
0	673	42	547234661
0	674	42	547234661
0	676	42	547234661
0	677	42	547234661
0	679	42	547234661
0	680	42	547234661
0	682	42	547234661
0	683	43	547234661
0	685	43	547234661
0	687	43	547234661
0	688	43	547234661
0	689	43	547234661
0	691	43	547234661
0	693	43	547234661
0	694	43	547234661
0	695	43	547234661
0	697	43	547234661
0	698	44	547234661
0	700	44	547234661
0	702	44	547234661
0	704	44	547234661
0	705	44	547234661
0	706	44	547234661
0	708	44	547234661
0	709	44	547234661
0	710	44	547234661
0	712	44	547234661
0	714	45	547234661
0	715	45	547234661
0	717	45	547234661
0	718	45	547234661
0	720	45	547234661
0	721	45	547234661
0	723	45	547234661
0	724	45	547234661
0	726	45	547234661
0	727	45	547234661
0	728	46	547234661
0	730	46	547234661
0	731	46	547234661
0	733	46	547234661
0	734	46	547234661
0	736	46	547234661
0	737	46	547234661
0	739	46	547234661
0	741	46	547234661
0	742	46	547234661
0	743	47	547234661
0	745	47	547234661
0	747	47	547234661
0	748	47	547234661
0	750	47	547234661
0	752	47	547234661
0	753	47	547234661
0	755	47	547234661
0	756	47	547234661
0	758	47	547234661
0	759	48	547234661
0	760	48	547234661
0	762	48	547234661
0	763	48	547234661
0	765	48	547234661
0	766	48	547234661
0	768	48	547234661
0	770	48	547234661
0	772	48	547234661
0	773	48	547234661
0	775	49	547234661
0	776	49	547234661
0	777	49	547234661
0	779	49	547234661
0	780	49	547234661
0	782	49	547234661
0	783	49	547234661
0	785	49	547234661
0	787	49	547234661
0	788	49	547234661
0	790	50	547234661
0	791	50	547234661
0	793	50	547234661
0	794	50	547234661
0	796	50	547234661
0	797	50	547234661
0	799	50	547234661
0	801	50	547234661
0	802	50	547234661
0	804	50	547234661
0	806	51	547234661
0	807	51	547234661
0	809	51	547234661
0	810	51	547234661
0	811	51	547234661
0	813	51	547234661
0	814	51	547234661
0	816	51	547234661
0	817	51	547234661
0	819	51	547234661
0	821	52	547234661
0	822	52	547234661
0	824	52	547234661
0	825	52	547234661
0	826	52	547234661
0	828	52	547234661
0	829	52	547234661
0	831	52	547234661
0	833	52	547234661
0	834	52	547234661
0	836	53	547234661
0	837	53	547234661
0	839	53	547234661
0	840	53	547234661
0	842	53	547234661
0	843	53	547234661
0	845	53	547234661
0	846	53	547234661
0	847	53	547234661
0	849	53	547234661
0	850	54	547234661
0	852	54	547234661
0	854	54	547234661
0	855	54	547234661
0	857	54	547234661
0	858	54	547234661
0	859	54	547234661
0	861	54	547234661
0	862	54	547234661
0	864	54	547234661
0	865	55	547234661
0	866	55	547234661
0	869	55	547234661
0	870	55	547234661
0	871	55	547234661
0	873	55	547234661
0	875	55	547234661
0	876	55	547234661
0	877	55	547234661
0	879	55	547234661
0	880	56	547234661
0	882	56	547234661
0	883	56	547234661
0	884	56	547234661
0	886	56	547234661
0	887	56	547234661
0	889	56	547234661
0	890	56	547234661
0	892	56	547234661
0	893	56	547234661
0	895	57	547234661
0	896	57	547234661
0	897	57	547234661
0	899	57	547234661
0	901	57	547234661
0	903	57	547234661
0	904	57	547234661
0	906	57	547234661
0	908	57	547234661
0	909	57	547234661
0	910	58	547234661
0	912	58	547234661
0	914	58	547234661
0	915	58	547234661
0	916	58	547234661
0	918	58	547234661
0	920	58	547234661
0	921	58	547234661
0	923	58	547234661
0	924	58	547234661
0	926	59	547234661
0	927	59	547234661
0	929	59	547234661
0	930	59	547234661
0	932	59	547234661
0	933	59	547234661
0	935	59	547234661
0	937	59	547234661
0	938	59	547234661
0	940	59	547234661
0	942	60	547234661
0	943	60	547234661
0	944	60	547234661
0	946	60	547234661
0	947	60	547234661
0	949	60	547234661
0	950	60	547234661
0	953	60	547234661
0	955	60	547234661
0	956	60	547234661
0	958	61	547234661
0	959	61	547234661
0	961	61	547234661
0	962	61	547234661
0	964	61	547234661
0	965	61	547234661
0	966	61	547234661
0	968	61	547234661
0	969	61	547234661
0	971	61	547234661
0	974	62	547234661
0	975	62	547234661
0	977	62	547234661
0	978	62	547234661
0	980	62	547234661
0	981	62	547234661
0	983	62	547234661
0	984	62	547234661
0	987	62	547234661
0	988	62	547234661
0	990	63	547234661
0	991	63	547234661
0	992	63	547234661
0	994	63	547234661
0	996	63	547234661
0	997	63	547234661
0	998	63	547234661
0	1000	63	547234661
0	1001	63	547234661
0	1003	63	547234661
0	1004	64	547234661
0	1005	64	547234661
0	1007	64	547234661
0	1009	64	547234661
0	1010	64	547234661
0	1012	64	547234661
0	1013	64	547234661
0	1014	64	547234661
0	1016	64	547234661
0	1017	64	547234661
0	1019	65	547234661
0	1020	65	547234661
0	1022	65	547234661
0	1023	65	547234661
0	1024	65	547234661
0	1026	65	547234661
0	1027	65	547234661
0	1029	65	547234661
0	1030	65	547234661
0	1031	65	547234661
0	1033	66	547234661
0	1035	66	547234661
0	1036	66	547234661
0	1037	66	547234661
0	1039	66	547234661
0	1040	66	547234661
0	1042	66	547234661
0	1043	66	547234661
0	1045	66	547234661
0	1046	66	547234661
0	1048	67	547234661
0	1049	67	547234661
0	1051	67	547234661
0	1052	67	547234661
0	1053	67	547234661
0	1055	67	547234661
0	1056	67	547234661
0	1058	67	547234661
0	1059	67	547234661
0	1061	67	547234661
0	1062	68	547234661
0	1064	68	547234661
0	1065	68	547234661
0	1067	68	547234661
0	1068	68	547234661
0	1069	68	547234661
0	1071	68	547234661
0	1072	68	547234661
0	1074	68	547234661
0	1075	68	547234661
0	1076	69	547234661
0	1078	69	547234661
0	1079	69	547234661
0	1081	69	547234661
0	1082	69	547234661
0	1084	69	547234661
0	1085	69	547234661
0	1086	69	547234661
0	1088	69	547234661
0	1090	69	547234661
0	1091	70	547234661
0	1093	70	547234661
0	1094	70	547234661
0	1096	70	547234661
0	1097	70	547234661
0	1099	70	547234661
0	1100	70	547234661
0	1102	70	547234661
0	1103	70	547234661
0	1104	70	547234661
0	1106	71	547234661
0	1107	71	547234661
0	1109	71	547234661
0	1110	71	547234661
0	1112	71	547234661
0	1113	71	547234661
0	1115	71	547234661
0	1116	71	547234661
0	1118	71	547234661
0	1119	71	547234661
0	1120	72	547234661
0	1122	72	547234661
0	1123	72	547234661
0	1125	72	547234661
0	1126	72	547234661
0	1128	72	547234661
0	1129	72	547234661
0	1131	72	547234661
0	1132	72	547234661
0	1134	72	547234661
0	1135	73	547234661
0	1137	73	547234661
0	1138	73	547234661
0	1140	73	547234661
0	1141	73	547234661
0	1142	73	547234661
0	1144	73	547234661
0	1146	73	547234661
0	1147	73	547234661
0	1149	73	547234661
0	1150	74	547234661
0	1152	74	547234661
0	1153	74	547234661
0	1154	74	547234661
0	1156	74	547234661
0	1157	74	547234661
0	1159	74	547234661
0	1161	74	547234661
0	1162	74	547234661
0	1163	74	547234661
0	1165	75	547234661
0	1166	75	547234661
0	1167	75	547234661
0	1169	75	547234661
0	1170	75	547234661
0	1171	75	547234661
0	1174	75	547234661
0	1177	75	547234661
0	1180	75	547234661
0	1182	75	547234661
0	1183	76	547234661
0	1185	76	547234661
0	1186	76	547234661
0	1188	76	547234661
0	1189	76	547234661
0	1191	76	547234661
0	1192	76	547234661
0	1194	76	547234661
0	1195	76	547234661
0	1197	76	547234661
0	1198	77	547234661
0	1200	77	547234661
0	1201	77	547234661
0	1203	77	547234661
0	1205	77	547234661
0	1206	77	547234661
0	1207	77	547234661
0	1209	77	547234661
0	1211	77	547234661
0	1212	77	547234661
0	1214	78	547234661
0	1215	78	547234661
0	1217	78	547234661
0	1218	78	547234661
0	1220	78	547234661
0	1221	78	547234661
0	1223	78	547234661
0	1224	78	547234661
0	1226	78	547234661
0	1227	78	547234661
0	1229	79	547234661
0	1230	79	547234661
0	1232	79	547234661
0	1233	79	547234661
0	1235	79	547234661
0	1236	79	547234661
0	1238	79	547234661
0	1239	79	547234661
0	1241	79	547234661
0	1242	79	547234661
0	1244	80	547234661
0	1245	80	547234661
0	1247	80	547234661
0	1248	80	547234661
0	1250	80	547234661
0	1251	80	547234661
0	1253	80	547234661
0	1254	80	547234661
0	1256	80	547234661
0	1257	80	547234661
0	1259	81	547234661
0	1260	81	547234661
0	1261	81	547234661
0	1263	81	547234661
0	1264	81	547234661
0	1266	81	547234661
0	1267	81	547234661
0	1269	81	547234661
0	1270	81	547234661
0	1272	81	547234661
0	1273	82	547234661
0	1275	82	547234661
0	1276	82	547234661
0	1278	82	547234661
0	1279	82	547234661
0	1281	82	547234661
0	1282	82	547234661
0	1283	82	547234661
0	1285	82	547234661
0	1287	82	547234661
0	1288	83	547234661
0	1289	83	547234661
0	1291	83	547234661
0	1292	83	547234661
0	1294	83	547234661
0	1295	83	547234661
0	1297	83	547234661
0	1299	83	547234661
0	1300	83	547234661
0	1301	83	547234661
0	1303	84	547234661
0	1304	84	547234661
0	1306	84	547234661
0	1307	84	547234661
0	1309	84	547234661
0	1311	84	547234661
0	1312	84	547234661
0	1313	84	547234661
0	1315	84	547234661
0	1317	84	547234661
0	1318	85	547234661
0	1320	85	547234661
0	1321	85	547234661
0	1323	85	547234661
0	1324	85	547234661
0	1325	85	547234661
0	1327	85	547234661
0	1328	85	547234661
0	1330	85	547234661
0	1331	85	547234661
0	1332	86	547234661
0	1334	86	547234661
0	1335	86	547234661
0	1337	86	547234661
0	1338	86	547234661
0	1340	86	547234661
0	1341	86	547234661
0	1342	86	547234661
0	1344	86	547234661
0	1345	86	547234661
0	1347	87	547234661
0	1348	87	547234661
0	1350	87	547234661
0	1351	87	547234661
0	1353	87	547234661
0	1354	87	547234661
0	1356	87	547234661
0	1357	87	547234661
0	1359	87	547234661
0	1360	87	547234661
0	1362	88	547234661
0	1363	88	547234661
0	1365	88	547234661
0	1366	88	547234661
0	1368	88	547234661
0	1369	88	547234661
0	1370	88	547234661
0	1372	88	547234661
0	1373	88	547234661
0	1374	88	547234661
0	1376	89	547234661
0	1378	89	547234661
0	1379	89	547234661
0	1381	89	547234661
0	1382	89	547234661
0	1384	89	547234661
0	1385	89	547234661
0	1387	89	547234661
0	1388	89	547234661
0	1390	89	547234661
0	1391	90	547234661
0	1393	90	547234661
0	1394	90	547234661
0	1395	90	547234661
0	1396	90	547234661
0	1398	90	547234661
0	1399	90	547234661
0	1401	90	547234661
0	1403	90	547234661
0	1404	90	547234661
0	1406	91	547234661
0	1407	91	547234661
0	1409	91	547234661
0	1410	91	547234661
0	1411	91	547234661
0	1413	91	547234661
0	1414	91	547234661
0	1416	91	547234661
0	1417	91	547234661
0	1419	91	547234661
0	1420	92	547234661
0	1422	92	547234661
0	1423	92	547234661
0	1424	92	547234661
0	1426	92	547234661
0	1427	92	547234661
0	1429	92	547234661
0	1431	92	547234661
0	1432	92	547234661
0	1434	92	547234661
0	1435	93	547234661
0	1437	93	547234661
0	1438	93	547234661
0	1440	93	547234661
0	1442	93	547234661
0	1443	93	547234661
0	1445	93	547234661
0	1448	93	547234661
0	1451	93	547234661
0	1453	93	547234661
0	1455	94	547234661
0	1456	94	547234661
0	1458	94	547234661
0	1459	94	547234661
0	1461	94	547234661
0	1462	94	547234661
0	1464	94	547234661
0	1465	94	547234661
0	1467	94	547234661
0	1468	94	547234661
0	1470	95	547234661
0	1471	95	547234661
0	1473	95	547234661
0	1474	95	547234661
0	1476	95	547234661
0	1477	95	547234661
0	1479	95	547234661
0	1480	95	547234661
0	1482	95	547234661
0	1483	95	547234661
0	1485	96	547234661
0	1487	96	547234661
0	1488	96	547234661
0	1489	96	547234661
0	1491	96	547234661
0	1493	96	547234661
0	1494	96	547234661
0	1496	96	547234661
0	1498	96	547234661
0	1499	96	547234661
0	1501	97	547234661
0	1502	97	547234661
0	1503	97	547234661
0	1505	97	547234661
0	1506	97	547234661
0	1508	97	547234661
0	1509	97	547234661
0	1511	97	547234661
0	1512	97	547234661
0	1514	97	547234661
0	1515	98	547234661
0	1517	98	547234661
0	1518	98	547234661
0	1519	98	547234661
0	1521	98	547234661
0	1522	98	547234661
0	1524	98	547234661
0	1525	98	547234661
0	1527	98	547234661
0	1528	98	547234661
0	1530	99	547234661
0	1531	99	547234661
0	1533	99	547234661
0	1534	99	547234661
0	1536	99	547234661
0	1538	99	547234661
0	1539	99	547234661
0	1541	99	547234661
0	1542	99	547234661
0	1544	99	547234661
0	1545	100	547234661
estimating workload which takes just one millsecond
end estimation
