estimating workload which takes just one millsecond
end estimation
1	1	0	896841041
1	3	0	896841041
1	5	0	896841041
1	6	0	896841041
1	8	0	896841041
1	10	0	896841041
1	11	0	896841041
1	13	0	896841041
1	15	0	896841041
1	17	1	896841041
1	18	1	896841041
1	20	1	896841041
1	22	1	896841041
1	24	1	896841041
1	25	1	896841041
1	27	1	896841041
1	29	1	896841041
1	31	1	896841041
1	32	1	896841041
1	34	2	896841041
1	36	2	896841041
1	38	2	896841041
1	40	2	896841041
1	41	2	896841041
1	43	2	896841041
1	45	2	896841041
1	46	2	896841041
1	48	2	896841041
1	50	2	896841041
1	51	3	896841041
1	53	3	896841041
1	54	3	896841041
1	56	3	896841041
1	58	3	896841041
1	60	3	896841041
1	61	3	896841041
1	63	3	896841041
1	65	3	896841041
1	67	3	896841041
1	68	4	896841041
1	70	4	896841041
1	71	4	896841041
1	73	4	896841041
1	75	4	896841041
1	77	4	896841041
1	78	4	896841041
1	80	4	896841041
1	81	4	896841041
1	83	4	896841041
1	85	5	896841041
1	86	5	896841041
1	88	5	896841041
1	90	5	896841041
1	91	5	896841041
1	93	5	896841041
1	95	5	896841041
1	96	5	896841041
1	98	5	896841041
1	100	5	896841041
1	102	6	896841041
1	103	6	896841041
1	105	6	896841041
1	107	6	896841041
1	109	6	896841041
1	111	6	896841041
1	113	6	896841041
1	114	6	896841041
1	116	6	896841041
1	118	6	896841041
1	120	7	896841041
1	121	7	896841041
1	123	7	896841041
1	125	7	896841041
1	126	7	896841041
1	128	7	896841041
1	130	7	896841041
1	131	7	896841041
1	133	7	896841041
1	135	7	896841041
1	136	8	896841041
1	138	8	896841041
1	140	8	896841041
1	142	8	896841041
1	143	8	896841041
1	145	8	896841041
1	147	8	896841041
1	149	8	896841041
1	150	8	896841041
1	152	8	896841041
1	154	9	896841041
1	155	9	896841041
1	157	9	896841041
1	159	9	896841041
1	160	9	896841041
1	162	9	896841041
1	164	9	896841041
1	165	9	896841041
1	167	9	896841041
1	168	9	896841041
1	170	10	896841041
1	172	10	896841041
1	174	10	896841041
1	175	10	896841041
1	177	10	896841041
1	179	10	896841041
1	181	10	896841041
1	182	10	896841041
1	184	10	896841041
1	186	10	896841041
1	188	11	896841041
1	190	11	896841041
1	191	11	896841041
1	193	11	896841041
1	195	11	896841041
1	197	11	896841041
1	198	11	896841041
1	200	11	896841041
1	202	11	896841041
1	203	11	896841041
1	205	12	896841041
1	207	12	896841041
1	209	12	896841041
1	210	12	896841041
1	212	12	896841041
1	213	12	896841041
1	215	12	896841041
1	217	12	896841041
1	218	12	896841041
1	220	12	896841041
1	222	13	896841041
1	223	13	896841041
1	225	13	896841041
1	227	13	896841041
1	228	13	896841041
1	230	13	896841041
1	232	13	896841041
1	233	13	896841041
1	235	13	896841041
1	236	13	896841041
1	238	14	896841041
1	240	14	896841041
1	241	14	896841041
1	243	14	896841041
1	245	14	896841041
1	246	14	896841041
1	248	14	896841041
1	250	14	896841041
1	251	14	896841041
1	253	14	896841041
1	254	15	896841041
1	256	15	896841041
1	258	15	896841041
1	260	15	896841041
1	261	15	896841041
1	263	15	896841041
1	265	15	896841041
1	267	15	896841041
1	268	15	896841041
1	270	15	896841041
1	272	16	896841041
1	274	16	896841041
1	275	16	896841041
1	277	16	896841041
1	279	16	896841041
1	281	16	896841041
1	282	16	896841041
1	284	16	896841041
1	285	16	896841041
1	287	16	896841041
1	289	17	896841041
1	291	17	896841041
1	292	17	896841041
1	294	17	896841041
1	295	17	896841041
1	297	17	896841041
1	299	17	896841041
1	300	17	896841041
1	302	17	896841041
1	303	17	896841041
1	305	18	896841041
1	307	18	896841041
1	309	18	896841041
1	310	18	896841041
1	312	18	896841041
1	314	18	896841041
1	315	18	896841041
1	317	18	896841041
1	319	18	896841041
1	320	18	896841041
1	322	19	896841041
1	324	19	896841041
1	325	19	896841041
1	327	19	896841041
1	329	19	896841041
1	330	19	896841041
1	332	19	896841041
1	334	19	896841041
1	336	19	896841041
1	337	19	896841041
1	339	20	896841041
1	341	20	896841041
1	342	20	896841041
1	344	20	896841041
1	346	20	896841041
1	348	20	896841041
1	349	20	896841041
1	351	20	896841041
1	353	20	896841041
1	354	20	896841041
1	356	21	896841041
1	358	21	896841041
1	359	21	896841041
1	361	21	896841041
1	363	21	896841041
1	365	21	896841041
1	366	21	896841041
1	368	21	896841041
1	369	21	896841041
1	371	21	896841041
1	373	22	896841041
1	374	22	896841041
1	376	22	896841041
1	377	22	896841041
1	379	22	896841041
1	381	22	896841041
1	382	22	896841041
1	384	22	896841041
1	386	22	896841041
1	387	22	896841041
1	389	23	896841041
1	391	23	896841041
1	392	23	896841041
1	394	23	896841041
1	396	23	896841041
1	397	23	896841041
1	399	23	896841041
1	401	23	896841041
1	402	23	896841041
1	404	23	896841041
1	406	24	896841041
1	407	24	896841041
1	409	24	896841041
1	411	24	896841041
1	413	24	896841041
1	414	24	896841041
1	416	24	896841041
1	418	24	896841041
1	419	24	896841041
1	421	24	896841041
1	423	25	896841041
1	425	25	896841041
1	426	25	896841041
1	428	25	896841041
1	429	25	896841041
1	431	25	896841041
1	432	25	896841041
1	433	25	896841041
1	435	25	896841041
1	436	25	896841041
1	438	26	896841041
1	439	26	896841041
1	441	26	896841041
1	443	26	896841041
1	444	26	896841041
1	446	26	896841041
1	447	26	896841041
1	449	26	896841041
1	451	26	896841041
1	452	26	896841041
1	454	27	896841041
1	456	27	896841041
1	458	27	896841041
1	459	27	896841041
1	461	27	896841041
1	463	27	896841041
1	465	27	896841041
1	466	27	896841041
1	468	27	896841041
1	469	27	896841041
1	471	28	896841041
1	473	28	896841041
1	474	28	896841041
1	476	28	896841041
1	478	28	896841041
1	480	28	896841041
1	481	28	896841041
1	483	28	896841041
1	485	28	896841041
1	486	28	896841041
1	488	29	896841041
1	490	29	896841041
1	491	29	896841041
1	493	29	896841041
1	495	29	896841041
1	497	29	896841041
1	498	29	896841041
1	500	29	896841041
1	502	29	896841041
1	503	29	896841041
1	505	30	896841041
1	507	30	896841041
1	508	30	896841041
1	510	30	896841041
1	512	30	896841041
1	514	30	896841041
1	515	30	896841041
1	517	30	896841041
1	519	30	896841041
1	521	30	896841041
1	523	31	896841041
1	524	31	896841041
1	526	31	896841041
1	527	31	896841041
1	529	31	896841041
1	531	31	896841041
1	532	31	896841041
1	534	31	896841041
1	536	31	896841041
1	538	31	896841041
1	539	32	896841041
1	541	32	896841041
1	543	32	896841041
1	544	32	896841041
1	546	32	896841041
1	547	32	896841041
1	549	32	896841041
1	551	32	896841041
1	552	32	896841041
1	554	32	896841041
1	556	33	896841041
1	558	33	896841041
1	560	33	896841041
1	562	33	896841041
1	563	33	896841041
1	565	33	896841041
1	567	33	896841041
1	568	33	896841041
1	570	33	896841041
1	571	33	896841041
1	573	34	896841041
1	575	34	896841041
1	577	34	896841041
1	579	34	896841041
1	580	34	896841041
1	582	34	896841041
1	583	34	896841041
1	585	34	896841041
1	587	34	896841041
1	589	34	896841041
1	590	35	896841041
1	592	35	896841041
1	594	35	896841041
1	595	35	896841041
1	597	35	896841041
1	599	35	896841041
1	601	35	896841041
1	603	35	896841041
1	604	35	896841041
1	606	35	896841041
1	608	36	896841041
1	609	36	896841041
1	611	36	896841041
1	613	36	896841041
1	614	36	896841041
1	616	36	896841041
1	617	36	896841041
1	619	36	896841041
1	621	36	896841041
1	622	36	896841041
1	624	37	896841041
1	626	37	896841041
1	627	37	896841041
1	629	37	896841041
1	631	37	896841041
1	632	37	896841041
1	634	37	896841041
1	636	37	896841041
1	638	37	896841041
1	639	37	896841041
1	641	38	896841041
1	643	38	896841041
1	644	38	896841041
1	646	38	896841041
1	648	38	896841041
1	649	38	896841041
1	651	38	896841041
1	653	38	896841041
1	654	38	896841041
1	656	38	896841041
1	658	39	896841041
1	660	39	896841041
1	662	39	896841041
1	663	39	896841041
1	665	39	896841041
1	666	39	896841041
1	668	39	896841041
1	670	39	896841041
1	672	39	896841041
1	673	39	896841041
1	675	40	896841041
1	677	40	896841041
1	678	40	896841041
1	680	40	896841041
1	682	40	896841041
1	683	40	896841041
1	685	40	896841041
1	687	40	896841041
1	688	40	896841041
1	690	40	896841041
1	692	41	896841041
1	693	41	896841041
1	695	41	896841041
1	697	41	896841041
1	699	41	896841041
1	700	41	896841041
1	702	41	896841041
1	704	41	896841041
1	706	41	896841041
1	707	41	896841041
1	709	42	896841041
1	710	42	896841041
1	712	42	896841041
1	714	42	896841041
1	716	42	896841041
1	717	42	896841041
1	719	42	896841041
1	720	42	896841041
1	722	42	896841041
1	723	42	896841041
1	725	43	896841041
1	727	43	896841041
1	729	43	896841041
1	731	43	896841041
1	732	43	896841041
1	734	43	896841041
1	735	43	896841041
1	737	43	896841041
1	739	43	896841041
1	740	43	896841041
1	742	44	896841041
1	743	44	896841041
1	745	44	896841041
1	747	44	896841041
1	749	44	896841041
1	751	44	896841041
1	752	44	896841041
1	754	44	896841041
1	756	44	896841041
1	758	44	896841041
1	759	45	896841041
1	761	45	896841041
1	763	45	896841041
1	764	45	896841041
1	766	45	896841041
1	768	45	896841041
1	769	45	896841041
1	771	45	896841041
1	773	45	896841041
1	774	45	896841041
1	776	46	896841041
1	778	46	896841041
1	780	46	896841041
1	782	46	896841041
1	784	46	896841041
1	785	46	896841041
1	787	46	896841041
1	789	46	896841041
1	790	46	896841041
1	792	46	896841041
1	794	47	896841041
1	795	47	896841041
1	797	47	896841041
1	799	47	896841041
1	800	47	896841041
1	802	47	896841041
1	804	47	896841041
1	806	47	896841041
1	807	47	896841041
1	809	47	896841041
1	810	48	896841041
1	812	48	896841041
1	814	48	896841041
1	815	48	896841041
1	817	48	896841041
1	819	48	896841041
1	820	48	896841041
1	822	48	896841041
1	824	48	896841041
1	826	48	896841041
1	827	49	896841041
1	829	49	896841041
1	831	49	896841041
1	833	49	896841041
1	834	49	896841041
1	836	49	896841041
1	837	49	896841041
1	839	49	896841041
1	841	49	896841041
1	843	49	896841041
1	844	50	896841041
1	846	50	896841041
1	848	50	896841041
1	849	50	896841041
1	851	50	896841041
1	853	50	896841041
1	855	50	896841041
1	856	50	896841041
1	858	50	896841041
1	860	50	896841041
1	862	51	896841041
1	863	51	896841041
1	865	51	896841041
1	867	51	896841041
1	868	51	896841041
1	870	51	896841041
1	872	51	896841041
1	874	51	896841041
1	875	51	896841041
1	877	51	896841041
1	879	52	896841041
1	881	52	896841041
1	882	52	896841041
1	884	52	896841041
1	885	52	896841041
1	887	52	896841041
1	889	52	896841041
1	891	52	896841041
1	892	52	896841041
1	894	52	896841041
1	895	53	896841041
1	897	53	896841041
1	898	53	896841041
1	900	53	896841041
1	902	53	896841041
1	904	53	896841041
1	905	53	896841041
1	907	53	896841041
1	909	53	896841041
1	910	53	896841041
1	912	54	896841041
1	914	54	896841041
1	915	54	896841041
1	917	54	896841041
1	919	54	896841041
1	920	54	896841041
1	922	54	896841041
1	924	54	896841041
1	925	54	896841041
1	927	54	896841041
1	929	55	896841041
1	930	55	896841041
1	932	55	896841041
1	934	55	896841041
1	936	55	896841041
1	937	55	896841041
1	939	55	896841041
1	941	55	896841041
1	942	55	896841041
1	944	55	896841041
1	946	56	896841041
1	947	56	896841041
1	949	56	896841041
1	951	56	896841041
1	953	56	896841041
1	954	56	896841041
1	956	56	896841041
1	958	56	896841041
1	959	56	896841041
1	961	56	896841041
1	962	57	896841041
1	964	57	896841041
1	966	57	896841041
1	967	57	896841041
1	969	57	896841041
1	970	57	896841041
1	972	57	896841041
1	974	57	896841041
1	976	57	896841041
1	977	57	896841041
1	979	58	896841041
1	981	58	896841041
1	982	58	896841041
1	984	58	896841041
1	986	58	896841041
1	987	58	896841041
1	989	58	896841041
1	991	58	896841041
1	993	58	896841041
1	994	58	896841041
1	996	59	896841041
1	997	59	896841041
1	999	59	896841041
1	1001	59	896841041
1	1002	59	896841041
1	1004	59	896841041
1	1006	59	896841041
1	1008	59	896841041
1	1009	59	896841041
1	1011	59	896841041
1	1013	60	896841041
1	1014	60	896841041
1	1016	60	896841041
1	1017	60	896841041
1	1019	60	896841041
1	1021	60	896841041
1	1022	60	896841041
1	1024	60	896841041
1	1026	60	896841041
1	1028	60	896841041
1	1029	61	896841041
1	1031	61	896841041
1	1033	61	896841041
1	1035	61	896841041
1	1036	61	896841041
1	1038	61	896841041
1	1040	61	896841041
1	1041	61	896841041
1	1043	61	896841041
1	1044	61	896841041
1	1046	62	896841041
1	1048	62	896841041
1	1050	62	896841041
1	1051	62	896841041
1	1054	62	896841041
1	1056	62	896841041
1	1058	62	896841041
1	1059	62	896841041
1	1061	62	896841041
1	1063	62	896841041
1	1065	63	896841041
1	1066	63	896841041
1	1068	63	896841041
1	1070	63	896841041
1	1071	63	896841041
1	1073	63	896841041
1	1075	63	896841041
1	1077	63	896841041
1	1078	63	896841041
1	1080	63	896841041
1	1082	64	896841041
1	1083	64	896841041
1	1085	64	896841041
1	1086	64	896841041
1	1088	64	896841041
1	1090	64	896841041
1	1092	64	896841041
1	1093	64	896841041
1	1095	64	896841041
1	1097	64	896841041
1	1100	65	896841041
1	1101	65	896841041
1	1103	65	896841041
1	1104	65	896841041
1	1106	65	896841041
1	1108	65	896841041
1	1110	65	896841041
1	1112	65	896841041
1	1113	65	896841041
1	1115	65	896841041
1	1116	66	896841041
1	1118	66	896841041
1	1120	66	896841041
1	1121	66	896841041
1	1123	66	896841041
1	1125	66	896841041
1	1126	66	896841041
1	1128	66	896841041
1	1130	66	896841041
1	1132	66	896841041
1	1133	67	896841041
1	1135	67	896841041
1	1136	67	896841041
1	1138	67	896841041
1	1140	67	896841041
1	1141	67	896841041
1	1143	67	896841041
1	1145	67	896841041
1	1147	67	896841041
1	1149	67	896841041
1	1150	68	896841041
1	1152	68	896841041
1	1154	68	896841041
1	1156	68	896841041
1	1157	68	896841041
1	1159	68	896841041
1	1161	68	896841041
1	1163	68	896841041
1	1164	68	896841041
1	1166	68	896841041
1	1167	69	896841041
1	1169	69	896841041
1	1171	69	896841041
1	1173	69	896841041
1	1174	69	896841041
1	1176	69	896841041
1	1178	69	896841041
1	1179	69	896841041
1	1181	69	896841041
1	1183	69	896841041
1	1184	70	896841041
1	1186	70	896841041
1	1187	70	896841041
1	1189	70	896841041
1	1191	70	896841041
1	1192	70	896841041
1	1194	70	896841041
1	1196	70	896841041
1	1197	70	896841041
1	1199	70	896841041
1	1201	71	896841041
1	1203	71	896841041
1	1204	71	896841041
1	1206	71	896841041
1	1208	71	896841041
1	1210	71	896841041
1	1211	71	896841041
1	1213	71	896841041
1	1215	71	896841041
1	1216	71	896841041
1	1218	72	896841041
1	1220	72	896841041
1	1222	72	896841041
1	1224	72	896841041
1	1225	72	896841041
1	1227	72	896841041
1	1228	72	896841041
1	1230	72	896841041
1	1231	72	896841041
1	1233	72	896841041
1	1234	73	896841041
1	1236	73	896841041
1	1238	73	896841041
1	1239	73	896841041
1	1241	73	896841041
1	1243	73	896841041
1	1244	73	896841041
1	1246	73	896841041
1	1248	73	896841041
1	1250	73	896841041
1	1251	74	896841041
1	1253	74	896841041
1	1255	74	896841041
1	1257	74	896841041
1	1259	74	896841041
1	1261	74	896841041
1	1262	74	896841041
1	1264	74	896841041
1	1265	74	896841041
1	1267	74	896841041
1	1269	75	896841041
1	1270	75	896841041
1	1272	75	896841041
1	1274	75	896841041
1	1275	75	896841041
1	1277	75	896841041
1	1279	75	896841041
1	1281	75	896841041
1	1282	75	896841041
1	1284	75	896841041
1	1286	76	896841041
1	1287	76	896841041
1	1289	76	896841041
1	1290	76	896841041
1	1292	76	896841041
1	1294	76	896841041
1	1295	76	896841041
1	1297	76	896841041
1	1299	76	896841041
1	1300	76	896841041
1	1302	77	896841041
1	1303	77	896841041
1	1305	77	896841041
1	1307	77	896841041
1	1309	77	896841041
1	1310	77	896841041
1	1312	77	896841041
1	1314	77	896841041
1	1316	77	896841041
1	1317	77	896841041
1	1319	78	896841041
1	1321	78	896841041
1	1322	78	896841041
1	1324	78	896841041
1	1326	78	896841041
1	1327	78	896841041
1	1329	78	896841041
1	1331	78	896841041
1	1333	78	896841041
1	1334	78	896841041
1	1336	79	896841041
1	1338	79	896841041
1	1339	79	896841041
1	1341	79	896841041
1	1342	79	896841041
1	1344	79	896841041
1	1346	79	896841041
1	1347	79	896841041
1	1349	79	896841041
1	1350	79	896841041
1	1352	80	896841041
1	1354	80	896841041
1	1356	80	896841041
1	1358	80	896841041
1	1359	80	896841041
1	1361	80	896841041
1	1363	80	896841041
1	1364	80	896841041
1	1366	80	896841041
1	1368	80	896841041
1	1369	81	896841041
1	1371	81	896841041
1	1373	81	896841041
1	1374	81	896841041
1	1376	81	896841041
1	1378	81	896841041
1	1379	81	896841041
1	1381	81	896841041
1	1382	81	896841041
1	1384	81	896841041
1	1386	82	896841041
1	1388	82	896841041
1	1390	82	896841041
1	1391	82	896841041
1	1393	82	896841041
1	1394	82	896841041
1	1396	82	896841041
1	1398	82	896841041
1	1399	82	896841041
1	1401	82	896841041
1	1402	83	896841041
1	1404	83	896841041
1	1406	83	896841041
1	1407	83	896841041
1	1409	83	896841041
1	1411	83	896841041
1	1412	83	896841041
1	1414	83	896841041
1	1415	83	896841041
1	1417	83	896841041
1	1419	84	896841041
1	1420	84	896841041
1	1422	84	896841041
1	1424	84	896841041
1	1425	84	896841041
1	1427	84	896841041
1	1428	84	896841041
1	1430	84	896841041
1	1432	84	896841041
1	1434	84	896841041
1	1435	85	896841041
1	1437	85	896841041
1	1438	85	896841041
1	1440	85	896841041
1	1442	85	896841041
1	1444	85	896841041
1	1445	85	896841041
1	1447	85	896841041
1	1449	85	896841041
1	1451	85	896841041
1	1452	86	896841041
1	1454	86	896841041
1	1456	86	896841041
1	1457	86	896841041
1	1459	86	896841041
1	1460	86	896841041
1	1462	86	896841041
1	1464	86	896841041
1	1465	86	896841041
1	1467	86	896841041
1	1468	87	896841041
1	1470	87	896841041
1	1472	87	896841041
1	1473	87	896841041
1	1475	87	896841041
1	1477	87	896841041
1	1478	87	896841041
1	1480	87	896841041
1	1482	87	896841041
1	1483	87	896841041
1	1485	88	896841041
1	1487	88	896841041
1	1489	88	896841041
1	1490	88	896841041
1	1492	88	896841041
1	1493	88	896841041
1	1495	88	896841041
1	1497	88	896841041
1	1499	88	896841041
1	1500	88	896841041
1	1502	89	896841041
1	1503	89	896841041
1	1505	89	896841041
1	1507	89	896841041
1	1508	89	896841041
1	1510	89	896841041
1	1511	89	896841041
1	1513	89	896841041
1	1515	89	896841041
1	1517	89	896841041
1	1518	90	896841041
1	1519	90	896841041
1	1521	90	896841041
1	1523	90	896841041
1	1524	90	896841041
1	1526	90	896841041
1	1528	90	896841041
1	1529	90	896841041
1	1531	90	896841041
1	1533	90	896841041
1	1534	91	896841041
1	1536	91	896841041
1	1538	91	896841041
1	1540	91	896841041
1	1541	91	896841041
1	1543	91	896841041
1	1545	91	896841041
1	1546	91	896841041
1	1548	91	896841041
1	1550	91	896841041
1	1551	92	896841041
1	1553	92	896841041
1	1556	92	896841041
1	1557	92	896841041
1	1559	92	896841041
1	1561	92	896841041
1	1563	92	896841041
1	1564	92	896841041
1	1566	92	896841041
1	1567	92	896841041
1	1569	93	896841041
1	1571	93	896841041
1	1573	93	896841041
1	1574	93	896841041
1	1576	93	896841041
1	1578	93	896841041
1	1579	93	896841041
1	1581	93	896841041
1	1583	93	896841041
1	1585	93	896841041
1	1586	94	896841041
1	1588	94	896841041
1	1589	94	896841041
1	1591	94	896841041
1	1593	94	896841041
1	1594	94	896841041
1	1596	94	896841041
1	1598	94	896841041
1	1600	94	896841041
1	1602	94	896841041
1	1603	95	896841041
1	1605	95	896841041
1	1607	95	896841041
1	1609	95	896841041
1	1611	95	896841041
1	1612	95	896841041
1	1614	95	896841041
1	1616	95	896841041
1	1618	95	896841041
1	1620	95	896841041
1	1621	96	896841041
1	1623	96	896841041
1	1625	96	896841041
1	1626	96	896841041
1	1628	96	896841041
1	1629	96	896841041
1	1631	96	896841041
1	1633	96	896841041
1	1635	96	896841041
1	1636	96	896841041
1	1638	97	896841041
1	1640	97	896841041
1	1641	97	896841041
1	1643	97	896841041
1	1645	97	896841041
1	1647	97	896841041
1	1649	97	896841041
1	1650	97	896841041
1	1652	97	896841041
1	1654	97	896841041
1	1655	98	896841041
1	1657	98	896841041
1	1659	98	896841041
1	1660	98	896841041
1	1662	98	896841041
1	1664	98	896841041
1	1666	98	896841041
1	1667	98	896841041
1	1669	98	896841041
1	1671	98	896841041
1	1672	99	896841041
1	1674	99	896841041
1	1676	99	896841041
1	1677	99	896841041
1	1679	99	896841041
1	1681	99	896841041
1	1683	99	896841041
1	1684	99	896841041
1	1686	99	896841041
1	1688	99	896841041
1	1689	100	896841041
estimating workload which takes just one millsecond
end estimation
0	1	0	896841041
0	4	0	896841041
0	5	0	896841041
0	7	0	896841041
0	9	0	896841041
0	10	0	896841041
0	12	0	896841041
0	14	0	896841041
0	16	0	896841041
0	18	1	896841041
0	19	1	896841041
0	21	1	896841041
0	23	1	896841041
0	25	1	896841041
0	26	1	896841041
0	28	1	896841041
0	30	1	896841041
0	32	1	896841041
0	34	1	896841041
0	35	2	896841041
0	37	2	896841041
0	39	2	896841041
0	41	2	896841041
0	42	2	896841041
0	44	2	896841041
0	45	2	896841041
0	47	2	896841041
0	49	2	896841041
0	51	2	896841041
0	54	3	896841041
0	56	3	896841041
0	58	3	896841041
0	59	3	896841041
0	61	3	896841041
0	63	3	896841041
0	64	3	896841041
0	67	3	896841041
0	69	3	896841041
0	70	3	896841041
0	72	4	896841041
0	74	4	896841041
0	75	4	896841041
0	77	4	896841041
0	78	4	896841041
0	80	4	896841041
0	83	4	896841041
0	85	4	896841041
0	86	4	896841041
0	88	4	896841041
0	90	5	896841041
0	92	5	896841041
0	93	5	896841041
0	95	5	896841041
0	97	5	896841041
0	99	5	896841041
0	101	5	896841041
0	103	5	896841041
0	104	5	896841041
0	106	5	896841041
0	107	6	896841041
0	109	6	896841041
0	111	6	896841041
0	113	6	896841041
0	114	6	896841041
0	116	6	896841041
0	118	6	896841041
0	119	6	896841041
0	121	6	896841041
0	123	6	896841041
0	125	7	896841041
0	126	7	896841041
0	128	7	896841041
0	130	7	896841041
0	132	7	896841041
0	133	7	896841041
0	135	7	896841041
0	137	7	896841041
0	139	7	896841041
0	141	7	896841041
0	142	8	896841041
0	144	8	896841041
0	145	8	896841041
0	147	8	896841041
0	149	8	896841041
0	151	8	896841041
0	153	8	896841041
0	154	8	896841041
0	156	8	896841041
0	158	8	896841041
0	160	9	896841041
0	161	9	896841041
0	163	9	896841041
0	165	9	896841041
0	167	9	896841041
0	169	9	896841041
0	170	9	896841041
0	172	9	896841041
0	174	9	896841041
0	176	9	896841041
0	177	10	896841041
0	179	10	896841041
0	181	10	896841041
0	183	10	896841041
0	185	10	896841041
0	187	10	896841041
0	188	10	896841041
0	190	10	896841041
0	192	10	896841041
0	193	10	896841041
0	195	11	896841041
0	197	11	896841041
0	199	11	896841041
0	200	11	896841041
0	202	11	896841041
0	204	11	896841041
0	206	11	896841041
0	207	11	896841041
0	209	11	896841041
0	211	11	896841041
0	212	12	896841041
0	214	12	896841041
0	216	12	896841041
0	217	12	896841041
0	219	12	896841041
0	220	12	896841041
0	222	12	896841041
0	224	12	896841041
0	226	12	896841041
0	228	12	896841041
0	229	13	896841041
0	231	13	896841041
0	233	13	896841041
0	235	13	896841041
0	237	13	896841041
0	238	13	896841041
0	240	13	896841041
0	242	13	896841041
0	244	13	896841041
0	245	13	896841041
0	247	14	896841041
0	249	14	896841041
0	251	14	896841041
0	253	14	896841041
0	254	14	896841041
0	256	14	896841041
0	258	14	896841041
0	259	14	896841041
0	261	14	896841041
0	263	14	896841041
0	264	15	896841041
0	267	15	896841041
0	268	15	896841041
0	270	15	896841041
0	272	15	896841041
0	274	15	896841041
0	275	15	896841041
0	277	15	896841041
0	279	15	896841041
0	281	15	896841041
0	283	16	896841041
0	284	16	896841041
0	286	16	896841041
0	287	16	896841041
0	289	16	896841041
0	291	16	896841041
0	292	16	896841041
0	294	16	896841041
0	296	16	896841041
0	297	16	896841041
0	299	17	896841041
0	301	17	896841041
0	302	17	896841041
0	304	17	896841041
0	306	17	896841041
0	307	17	896841041
0	309	17	896841041
0	310	17	896841041
0	312	17	896841041
0	314	17	896841041
0	316	18	896841041
0	318	18	896841041
0	319	18	896841041
0	321	18	896841041
0	323	18	896841041
0	324	18	896841041
0	326	18	896841041
0	327	18	896841041
0	329	18	896841041
0	331	18	896841041
0	333	19	896841041
0	335	19	896841041
0	337	19	896841041
0	339	19	896841041
0	340	19	896841041
0	342	19	896841041
0	344	19	896841041
0	345	19	896841041
0	347	19	896841041
0	349	19	896841041
0	351	20	896841041
0	352	20	896841041
0	354	20	896841041
0	355	20	896841041
0	357	20	896841041
0	359	20	896841041
0	361	20	896841041
0	362	20	896841041
0	364	20	896841041
0	366	20	896841041
0	368	21	896841041
0	370	21	896841041
0	371	21	896841041
0	373	21	896841041
0	374	21	896841041
0	376	21	896841041
0	378	21	896841041
0	380	21	896841041
0	382	21	896841041
0	384	21	896841041
0	385	22	896841041
0	387	22	896841041
0	389	22	896841041
0	391	22	896841041
0	392	22	896841041
0	394	22	896841041
0	395	22	896841041
0	397	22	896841041
0	400	22	896841041
0	401	22	896841041
0	403	23	896841041
0	405	23	896841041
0	407	23	896841041
0	408	23	896841041
0	410	23	896841041
0	412	23	896841041
0	414	23	896841041
0	416	23	896841041
0	418	23	896841041
0	419	23	896841041
0	421	24	896841041
0	423	24	896841041
0	424	24	896841041
0	426	24	896841041
0	428	24	896841041
0	429	24	896841041
0	431	24	896841041
0	433	24	896841041
0	434	24	896841041
0	435	24	896841041
0	437	25	896841041
0	438	25	896841041
0	440	25	896841041
0	442	25	896841041
0	443	25	896841041
0	445	25	896841041
0	447	25	896841041
0	449	25	896841041
0	451	25	896841041
0	452	25	896841041
0	454	26	896841041
0	456	26	896841041
0	458	26	896841041
0	459	26	896841041
0	461	26	896841041
0	462	26	896841041
0	464	26	896841041
0	467	26	896841041
0	469	26	896841041
0	470	26	896841041
0	472	27	896841041
0	474	27	896841041
0	475	27	896841041
0	477	27	896841041
0	479	27	896841041
0	481	27	896841041
0	483	27	896841041
0	484	27	896841041
0	486	27	896841041
0	488	27	896841041
0	490	28	896841041
0	492	28	896841041
0	493	28	896841041
0	495	28	896841041
0	497	28	896841041
0	498	28	896841041
0	500	28	896841041
0	502	28	896841041
0	504	28	896841041
0	506	28	896841041
0	508	29	896841041
0	509	29	896841041
0	511	29	896841041
0	512	29	896841041
0	514	29	896841041
0	516	29	896841041
0	518	29	896841041
0	520	29	896841041
0	521	29	896841041
0	523	29	896841041
0	524	30	896841041
0	526	30	896841041
0	528	30	896841041
0	530	30	896841041
0	531	30	896841041
0	533	30	896841041
0	535	30	896841041
0	537	30	896841041
0	538	30	896841041
0	541	30	896841041
0	543	31	896841041
0	544	31	896841041
0	546	31	896841041
0	548	31	896841041
0	550	31	896841041
0	553	31	896841041
0	555	31	896841041
0	556	31	896841041
0	558	31	896841041
0	560	31	896841041
0	562	32	896841041
0	563	32	896841041
0	565	32	896841041
0	567	32	896841041
0	569	32	896841041
0	571	32	896841041
0	572	32	896841041
0	574	32	896841041
0	576	32	896841041
0	578	32	896841041
0	579	33	896841041
0	581	33	896841041
0	584	33	896841041
0	586	33	896841041
0	587	33	896841041
0	589	33	896841041
0	590	33	896841041
0	592	33	896841041
0	594	33	896841041
0	595	33	896841041
0	597	34	896841041
0	599	34	896841041
0	601	34	896841041
0	603	34	896841041
0	604	34	896841041
0	606	34	896841041
0	608	34	896841041
0	610	34	896841041
0	611	34	896841041
0	613	34	896841041
0	615	35	896841041
0	617	35	896841041
0	619	35	896841041
0	621	35	896841041
0	622	35	896841041
0	624	35	896841041
0	626	35	896841041
0	627	35	896841041
0	629	35	896841041
0	631	35	896841041
0	633	36	896841041
0	635	36	896841041
0	637	36	896841041
0	638	36	896841041
0	640	36	896841041
0	642	36	896841041
0	644	36	896841041
0	645	36	896841041
0	647	36	896841041
0	649	36	896841041
0	651	37	896841041
0	653	37	896841041
0	655	37	896841041
0	657	37	896841041
0	659	37	896841041
0	660	37	896841041
0	662	37	896841041
0	664	37	896841041
0	666	37	896841041
0	667	37	896841041
0	669	38	896841041
0	671	38	896841041
0	673	38	896841041
0	674	38	896841041
0	676	38	896841041
0	678	38	896841041
0	680	38	896841041
0	681	38	896841041
0	683	38	896841041
0	685	38	896841041
0	687	39	896841041
0	689	39	896841041
0	691	39	896841041
0	692	39	896841041
0	694	39	896841041
0	695	39	896841041
0	697	39	896841041
0	699	39	896841041
0	701	39	896841041
0	703	39	896841041
0	705	40	896841041
0	706	40	896841041
0	708	40	896841041
0	710	40	896841041
0	711	40	896841041
0	713	40	896841041
0	715	40	896841041
0	717	40	896841041
0	719	40	896841041
0	721	40	896841041
0	722	41	896841041
0	724	41	896841041
0	726	41	896841041
0	728	41	896841041
0	729	41	896841041
0	731	41	896841041
0	733	41	896841041
0	735	41	896841041
0	736	41	896841041
0	738	41	896841041
0	740	42	896841041
0	742	42	896841041
0	743	42	896841041
0	745	42	896841041
0	747	42	896841041
0	748	42	896841041
0	751	42	896841041
0	753	42	896841041
0	754	42	896841041
0	756	42	896841041
0	757	43	896841041
0	759	43	896841041
0	761	43	896841041
0	762	43	896841041
0	764	43	896841041
0	766	43	896841041
0	768	43	896841041
0	769	43	896841041
0	771	43	896841041
0	773	43	896841041
0	774	44	896841041
0	776	44	896841041
0	777	44	896841041
0	779	44	896841041
0	781	44	896841041
0	787	44	896841041
0	789	44	896841041
0	791	44	896841041
0	794	44	896841041
0	795	44	896841041
0	797	45	896841041
0	799	45	896841041
0	801	45	896841041
0	802	45	896841041
0	804	45	896841041
0	806	45	896841041
0	807	45	896841041
0	809	45	896841041
0	811	45	896841041
0	812	45	896841041
0	814	46	896841041
0	816	46	896841041
0	818	46	896841041
0	820	46	896841041
0	821	46	896841041
0	823	46	896841041
0	825	46	896841041
0	827	46	896841041
0	829	46	896841041
0	830	46	896841041
0	832	47	896841041
0	834	47	896841041
0	836	47	896841041
0	837	47	896841041
0	839	47	896841041
0	840	47	896841041
0	842	47	896841041
0	844	47	896841041
0	846	47	896841041
0	847	47	896841041
0	850	48	896841041
0	851	48	896841041
0	853	48	896841041
0	854	48	896841041
0	856	48	896841041
0	858	48	896841041
0	859	48	896841041
0	861	48	896841041
0	863	48	896841041
0	865	48	896841041
0	867	49	896841041
0	868	49	896841041
0	870	49	896841041
0	872	49	896841041
0	873	49	896841041
0	875	49	896841041
0	877	49	896841041
0	879	49	896841041
0	880	49	896841041
0	882	49	896841041
0	884	50	896841041
0	886	50	896841041
0	887	50	896841041
0	889	50	896841041
0	891	50	896841041
0	892	50	896841041
0	894	50	896841041
0	895	50	896841041
0	897	50	896841041
0	898	50	896841041
0	900	51	896841041
0	902	51	896841041
0	904	51	896841041
0	905	51	896841041
0	907	51	896841041
0	908	51	896841041
0	910	51	896841041
0	912	51	896841041
0	914	51	896841041
0	915	51	896841041
0	917	52	896841041
0	919	52	896841041
0	921	52	896841041
0	923	52	896841041
0	925	52	896841041
0	926	52	896841041
0	928	52	896841041
0	930	52	896841041
0	931	52	896841041
0	933	52	896841041
0	935	53	896841041
0	936	53	896841041
0	938	53	896841041
0	940	53	896841041
0	941	53	896841041
0	943	53	896841041
0	945	53	896841041
0	947	53	896841041
0	949	53	896841041
0	951	53	896841041
0	952	54	896841041
0	954	54	896841041
0	956	54	896841041
0	958	54	896841041
0	959	54	896841041
0	961	54	896841041
0	962	54	896841041
0	964	54	896841041
0	966	54	896841041
0	968	54	896841041
0	970	55	896841041
0	971	55	896841041
0	973	55	896841041
0	975	55	896841041
0	976	55	896841041
0	978	55	896841041
0	979	55	896841041
0	981	55	896841041
0	983	55	896841041
0	985	55	896841041
0	987	56	896841041
0	988	56	896841041
0	990	56	896841041
0	992	56	896841041
0	994	56	896841041
0	995	56	896841041
0	997	56	896841041
0	999	56	896841041
0	1001	56	896841041
0	1003	56	896841041
0	1004	57	896841041
0	1006	57	896841041
0	1007	57	896841041
0	1009	57	896841041
0	1011	57	896841041
0	1013	57	896841041
0	1015	57	896841041
0	1017	57	896841041
0	1019	57	896841041
0	1020	57	896841041
0	1022	58	896841041
0	1024	58	896841041
0	1026	58	896841041
0	1028	58	896841041
0	1030	58	896841041
0	1031	58	896841041
0	1034	58	896841041
0	1035	58	896841041
0	1037	58	896841041
0	1039	58	896841041
0	1040	59	896841041
0	1042	59	896841041
0	1044	59	896841041
0	1045	59	896841041
0	1047	59	896841041
0	1049	59	896841041
0	1053	59	896841041
0	1054	59	896841041
0	1056	59	896841041
0	1058	59	896841041
0	1060	60	896841041
0	1061	60	896841041
0	1063	60	896841041
0	1064	60	896841041
0	1067	60	896841041
0	1069	60	896841041
0	1071	60	896841041
0	1072	60	896841041
0	1074	60	896841041
0	1076	60	896841041
0	1078	61	896841041
0	1079	61	896841041
0	1081	61	896841041
0	1084	61	896841041
0	1085	61	896841041
0	1087	61	896841041
0	1089	61	896841041
0	1091	61	896841041
0	1093	61	896841041
0	1094	61	896841041
0	1096	62	896841041
0	1098	62	896841041
0	1099	62	896841041
0	1101	62	896841041
0	1103	62	896841041
0	1105	62	896841041
0	1107	62	896841041
0	1108	62	896841041
0	1110	62	896841041
0	1111	62	896841041
0	1113	63	896841041
0	1114	63	896841041
0	1116	63	896841041
0	1118	63	896841041
0	1120	63	896841041
0	1122	63	896841041
0	1124	63	896841041
0	1125	63	896841041
0	1127	63	896841041
0	1129	63	896841041
0	1131	64	896841041
0	1132	64	896841041
0	1134	64	896841041
0	1136	64	896841041
0	1138	64	896841041
0	1140	64	896841041
0	1141	64	896841041
0	1143	64	896841041
0	1144	64	896841041
0	1146	64	896841041
0	1148	65	896841041
0	1149	65	896841041
0	1151	65	896841041
0	1153	65	896841041
0	1155	65	896841041
0	1156	65	896841041
0	1158	65	896841041
0	1160	65	896841041
0	1162	65	896841041
0	1163	65	896841041
0	1165	66	896841041
0	1167	66	896841041
0	1169	66	896841041
0	1171	66	896841041
0	1172	66	896841041
0	1174	66	896841041
0	1176	66	896841041
0	1178	66	896841041
0	1179	66	896841041
0	1181	66	896841041
0	1183	67	896841041
0	1185	67	896841041
0	1186	67	896841041
0	1188	67	896841041
0	1190	67	896841041
0	1191	67	896841041
0	1193	67	896841041
0	1195	67	896841041
0	1197	67	896841041
0	1198	67	896841041
0	1200	68	896841041
0	1202	68	896841041
0	1204	68	896841041
0	1206	68	896841041
0	1208	68	896841041
0	1209	68	896841041
0	1211	68	896841041
0	1213	68	896841041
0	1214	68	896841041
0	1217	68	896841041
0	1218	69	896841041
0	1220	69	896841041
0	1222	69	896841041
0	1223	69	896841041
0	1225	69	896841041
0	1227	69	896841041
0	1228	69	896841041
0	1230	69	896841041
0	1232	69	896841041
0	1234	69	896841041
0	1235	70	896841041
0	1237	70	896841041
0	1239	70	896841041
0	1241	70	896841041
0	1242	70	896841041
0	1244	70	896841041
0	1246	70	896841041
0	1248	70	896841041
0	1249	70	896841041
0	1251	70	896841041
0	1253	71	896841041
0	1255	71	896841041
0	1256	71	896841041
0	1258	71	896841041
0	1260	71	896841041
0	1261	71	896841041
0	1263	71	896841041
0	1265	71	896841041
0	1267	71	896841041
0	1269	71	896841041
0	1270	72	896841041
0	1272	72	896841041
0	1274	72	896841041
0	1275	72	896841041
0	1277	72	896841041
0	1279	72	896841041
0	1281	72	896841041
0	1283	72	896841041
0	1284	72	896841041
0	1286	72	896841041
0	1288	73	896841041
0	1289	73	896841041
0	1291	73	896841041
0	1293	73	896841041
0	1295	73	896841041
0	1296	73	896841041
0	1298	73	896841041
0	1300	73	896841041
0	1302	73	896841041
0	1304	73	896841041
0	1305	74	896841041
0	1307	74	896841041
0	1309	74	896841041
0	1311	74	896841041
0	1312	74	896841041
0	1314	74	896841041
0	1316	74	896841041
0	1318	74	896841041
0	1319	74	896841041
0	1321	74	896841041
0	1323	75	896841041
0	1325	75	896841041
0	1326	75	896841041
0	1328	75	896841041
0	1330	75	896841041
0	1331	75	896841041
0	1334	75	896841041
0	1335	75	896841041
0	1337	75	896841041
0	1338	75	896841041
0	1340	76	896841041
0	1342	76	896841041
0	1343	76	896841041
0	1345	76	896841041
0	1347	76	896841041
0	1348	76	896841041
0	1351	76	896841041
0	1352	76	896841041
0	1354	76	896841041
0	1356	76	896841041
0	1357	77	896841041
0	1359	77	896841041
0	1361	77	896841041
0	1363	77	896841041
0	1364	77	896841041
0	1366	77	896841041
0	1368	77	896841041
0	1370	77	896841041
0	1372	77	896841041
0	1373	77	896841041
0	1375	78	896841041
0	1377	78	896841041
0	1378	78	896841041
0	1380	78	896841041
0	1382	78	896841041
0	1384	78	896841041
0	1386	78	896841041
0	1388	78	896841041
0	1389	78	896841041
0	1391	78	896841041
0	1393	79	896841041
0	1394	79	896841041
0	1396	79	896841041
0	1398	79	896841041
0	1400	79	896841041
0	1402	79	896841041
0	1403	79	896841041
0	1405	79	896841041
0	1407	79	896841041
0	1408	79	896841041
0	1410	80	896841041
0	1412	80	896841041
0	1413	80	896841041
0	1415	80	896841041
0	1417	80	896841041
0	1419	80	896841041
0	1421	80	896841041
0	1423	80	896841041
0	1424	80	896841041
0	1426	80	896841041
0	1428	81	896841041
0	1429	81	896841041
0	1431	81	896841041
0	1433	81	896841041
0	1435	81	896841041
0	1437	81	896841041
0	1439	81	896841041
0	1441	81	896841041
0	1442	81	896841041
0	1444	81	896841041
0	1446	82	896841041
0	1448	82	896841041
0	1449	82	896841041
0	1451	82	896841041
0	1453	82	896841041
0	1455	82	896841041
0	1456	82	896841041
0	1458	82	896841041
0	1459	82	896841041
0	1461	82	896841041
0	1463	83	896841041
0	1464	83	896841041
0	1466	83	896841041
0	1468	83	896841041
0	1470	83	896841041
0	1472	83	896841041
0	1473	83	896841041
0	1475	83	896841041
0	1477	83	896841041
0	1479	83	896841041
0	1480	84	896841041
0	1482	84	896841041
0	1484	84	896841041
0	1486	84	896841041
0	1488	84	896841041
0	1489	84	896841041
0	1491	84	896841041
0	1493	84	896841041
0	1495	84	896841041
0	1496	84	896841041
0	1498	85	896841041
0	1500	85	896841041
0	1502	85	896841041
0	1504	85	896841041
0	1505	85	896841041
0	1507	85	896841041
0	1508	85	896841041
0	1510	85	896841041
0	1511	85	896841041
0	1513	85	896841041
0	1514	86	896841041
0	1516	86	896841041
0	1518	86	896841041
0	1520	86	896841041
0	1521	86	896841041
0	1523	86	896841041
0	1525	86	896841041
0	1526	86	896841041
0	1528	86	896841041
0	1530	86	896841041
0	1532	87	896841041
0	1534	87	896841041
0	1536	87	896841041
0	1537	87	896841041
0	1539	87	896841041
0	1540	87	896841041
0	1542	87	896841041
0	1544	87	896841041
0	1545	87	896841041
0	1547	87	896841041
0	1549	88	896841041
0	1551	88	896841041
0	1554	88	896841041
0	1556	88	896841041
0	1557	88	896841041
0	1559	88	896841041
0	1561	88	896841041
0	1563	88	896841041
0	1564	88	896841041
0	1566	88	896841041
0	1568	89	896841041
0	1570	89	896841041
0	1572	89	896841041
0	1574	89	896841041
0	1575	89	896841041
0	1577	89	896841041
0	1579	89	896841041
0	1581	89	896841041
0	1582	89	896841041
0	1584	89	896841041
0	1586	90	896841041
0	1588	90	896841041
0	1589	90	896841041
0	1591	90	896841041
0	1593	90	896841041
0	1595	90	896841041
0	1596	90	896841041
0	1598	90	896841041
0	1599	90	896841041
0	1602	90	896841041
0	1604	91	896841041
0	1605	91	896841041
0	1607	91	896841041
0	1609	91	896841041
0	1611	91	896841041
0	1612	91	896841041
0	1614	91	896841041
0	1616	91	896841041
0	1617	91	896841041
0	1619	91	896841041
0	1621	92	896841041
0	1622	92	896841041
0	1624	92	896841041
0	1626	92	896841041
0	1627	92	896841041
0	1629	92	896841041
0	1631	92	896841041
0	1633	92	896841041
0	1635	92	896841041
0	1637	92	896841041
0	1638	93	896841041
0	1640	93	896841041
0	1642	93	896841041
0	1643	93	896841041
0	1645	93	896841041
0	1647	93	896841041
0	1649	93	896841041
0	1651	93	896841041
0	1652	93	896841041
0	1654	93	896841041
0	1656	94	896841041
0	1658	94	896841041
0	1659	94	896841041
0	1661	94	896841041
0	1662	94	896841041
0	1664	94	896841041
0	1666	94	896841041
0	1668	94	896841041
0	1669	94	896841041
0	1671	94	896841041
0	1672	95	896841041
0	1674	95	896841041
0	1676	95	896841041
0	1678	95	896841041
0	1679	95	896841041
0	1681	95	896841041
0	1683	95	896841041
0	1685	95	896841041
0	1687	95	896841041
0	1689	95	896841041
0	1691	96	896841041
0	1692	96	896841041
0	1694	96	896841041
0	1695	96	896841041
0	1697	96	896841041
0	1699	96	896841041
0	1700	96	896841041
0	1703	96	896841041
0	1704	96	896841041
0	1706	96	896841041
0	1707	97	896841041
0	1709	97	896841041
0	1711	97	896841041
0	1712	97	896841041
0	1714	97	896841041
0	1716	97	896841041
0	1718	97	896841041
0	1720	97	896841041
0	1721	97	896841041
0	1723	97	896841041
0	1728	98	896841041
0	1729	98	896841041
0	1730	98	896841041
0	1732	98	896841041
0	1733	98	896841041
0	1735	98	896841041
0	1736	98	896841041
0	1738	98	896841041
0	1739	98	896841041
0	1740	98	896841041
0	1742	99	896841041
0	1743	99	896841041
0	1745	99	896841041
0	1746	99	896841041
0	1747	99	896841041
0	1749	99	896841041
0	1750	99	896841041
0	1752	99	896841041
0	1753	99	896841041
0	1754	99	896841041
0	1756	100	896841041
estimating workload which takes just one millsecond
end estimation
